Examples/data/jplg0790 .16i
     1.0            IONOSPHERE MAPS     GPS                 IONEX VERSION / TYPE
GIM V3.0            JPL - GNISD         22-mar-2016 01:10   PGM / RUN BY / DATE 
JPL'S GLOBAL IONOSPHERE MAPS YEAR 2016 DAY 079              COMMENT             
Global Ionospheric Maps (GIM) are generated on an hourly    DESCRIPTION         
and daily basis at JPL using data from up to 100 GPS sites  DESCRIPTION         
of the IGS and others institutions.                         DESCRIPTION         
The vertical TEC is modeled in a solar-geomagnetic          DESCRIPTION         
reference frame using bi-cubic splines on a spherical grid. DESCRIPTION         
A Kalman filter is used to solve simultaneously for         DESCRIPTION         
instrumental biases and VTEC on the grid (as stochastic     DESCRIPTION         
parameters).                                                DESCRIPTION         
Contact Address:  gpsiono@cobra.jpl.nasa.gov .              DESCRIPTION         
  2016     3    19     0     0     0                        EPOCH OF FIRST MAP  
  2016     3    20     0     0     0                        EPOCH OF LAST MAP   
  7200                                                      INTERVAL            
    13                                                      # OF MAPS IN FILE   
  NONE                                                      MAPPING FUNCTION    
    10.0                                                    ELEVATION CUTOFF    
One-way carrier phase leveled to code                       OBSERVABLES USED    
   170                                                      # OF STATIONS       
    31                                                      # OF SATELLITES     
  6371.0                                                    BASE RADIUS         
     2                                                      MAP DIMENSION       
   450.0 450.0   0.0                                        HGT1 / HGT2 / DHGT  
    87.5 -87.5  -2.5                                        LAT1 / LAT2 / DLAT  
  -180.0 180.0   5.0                                        LON1 / LON2 / DLON  
    -1                                                      EXPONENT            
TEC/RMS values in 0.1 TECU; 9999, if no value available     COMMENT             
                                                            END OF HEADER       
     1                                                      START OF TEC MAP    
  2016     3    19     0     0     0                        EPOCH OF CURRENT MAP
    87.5-180.0 180.0   5.0 450.0                            LAT/LON1/LON2/DLON/H
   92   92   93   93   93   93   93   93   93   93   93   93   93   92   92   92
   91   91   90   90   89   88   88   87   86   86   85   84   84   83   82   82
   81   81   80   80   79   79   79   78   78   78   78   78   78   78   78   79
   79   79   80   80   81   81   82   82   83   83   84   84   85   86   86   87
   88   88   89   89   90   90   91   91   92
    85.0-180.0 180.0   5.0 450.0                            LAT/LON1/LON2/DLON/H
  101  101  102  103  103  103  103  103  103  103  102  102  101  101  100   99
   98   98   97   96   94   93   92   91   89   88   87   85   84   82   81   79
   78   77   76   75   74   74   73   73   72   72   72   73   73   73   74   74
   75   76   76   77   78   79   80   81   82   83   84   85   86   87   89   90
   91   92   94   95   96   97   99  100  101
    82.5-180.0 180.0   5.0 450.0                            LAT/LON1/LON2/DLON/H
  111  112  113  114  114  114  114  114  113  113  112  111  110  109  108  107
  106  105  103  102  101   99   97   96   94   92   89   87   85   83   81   78
   77   75   73   72   71   70   69   69   69   69   69   69   69   70   71   72
   72   73   74   75   77   78   79   80   82   83   85   86   88   90   92   93
   95   98  100  102  104  106  108  110  111
    80.0-180.0 180.0   5.0 450.0                            LAT/LON1/LON2/DLON/H
  122  124  125  126  126  126  125  124  123  121  120  118  117  116  114  113
  112  111  110  108  107  105  103  101   99   96   94   91   88   85   82   79
   77   74   72   71   69   68   68   67   67   67   67   67   68   68   69   70
   71   72   73   74   76   77   78   80   81   83   85   87   90   92   94   97
  100  103  106  109  112  115  117  120  122
    77.5-180.0 180.0   5.0 450.0                            LAT/LON1/LON2/DLON/H
  132  134  136  136  136  136  134  133  131  128  126  124  122  120  119  118
  117  116  115  114  113  111  109  107  105  102   98   95   91   87   84   80
   77   75   73   71   70   69   68   68   67   67   67   67   67   68   68   69
   70   71   72   73   74   75   77   79   81   83   85   88   91   94   97  100
  103  107  111  115  119  123  126  129  132
    75.0-180.0 180.0   5.0 450.0                            LAT/LON1/LON2/DLON/H
  140  143  144  145  145  144  142  140  137  134  131  128  125  123  122  121
  120  120  119  119  118  116  115  113  110  107  103   99   94   89   84   80
   77   74   73   72   71   70   70   69   68   68   67   67   67   67   67   68
   68   69   70   71   72   73   75   77   79   82   85   88   92   95   99  102
  106  110  114  119  123  128  132  136  140
    72.5-180.0 180.0   5.0 450.0                            LAT/LON1/LON2/DLON/H
  144  147  150  151  151  150  148  145  141  137  133  130  127  125  124  123
  123  123  122  121  120  119  119  117  114  111  106  101   96   90   84   79
   75   72   71   70   70   70   70   69   68   67   66   66   65   65   65   65
   65   66   67   67   69   70   72   74   77   81   85   89   93   97  100  104
  108  112  116  120  125  130  135  140  144
    70.0-180.0 180.0   5.0 450.0                            LAT/LON1/LON2/DLON/H
  145  149  152  154  155  155  152  149  144  139  135  130  127  126  125  124
  124  123  121  120  119  119  119  117  115  111  106  101   95   88   82   76
   71   68   67   66   67   67   67   66   65   63   62   61   61   61   61   61
   62   62   63   64   65   67   69   72   76   80   85   90   94   99  102  106
  109  113  116  121  125  130  135  140  145
    67.5-180.0 180.0   5.0 450.0                            LAT/LON1/LON2/DLON/H
  144  149  152  155  157  157  155  151  146  141  135  131  128  126  125  124
  122  119  116  113  113  114  114  113  110  107  102   96   90   83   76   70
   65   62   61   61   61   62   61   59   58   56   55   55   55   55   56   56
   57   58   59   60   61   63   66   70   75   81   87   92   97  102  105  108
  111  114  117  121  125  130  134  139  144
    65.0-180.0 180.0   5.0 450.0                            LAT/LON1/LON2/DLON/H
  145  149  153  157  158  159  157  153  148  142  136  132  128  126  124  122
  117  111  106  102  102  103  104  103  101   97   93   87   82   76   69   63
   59   56   55   55   55   55   53   51   49   47   47   47   48   49   50   51
   52   53   54   55   57   60   65   70   76   83   90   97  102  106  110  112
  114  117  120  123  127  131  135  140  145
    62.5-180.0 180.0   5.0 450.0                            LAT/LON1/LON2/DLON/H
  149  153  157  160  162  162  160  157  151  145  139  133  130  127  124  119
  111  103   95   90   89   90   91   91   89   86   82   77   72   67   62   56
   52   49   48   49   50   49   46   43   40   39   39   40   42   44   45   46
   47   48   49   51   54   58   64   71   79   87   96  103  109  113  116  118
  120  122  125  128  132  136  140  144  149
    60.0-180.0 180.0   5.0 450.0                            LAT/LON1/LON2/DLON/H
  158  162  165  167  168  167  165  161  156  149  142  137  132  129  124  117
  107   96   86   80   79   79   80   80   78   75   72   68   64   60   55   50
   46   43   43   44   45   44   41   38   35   34   34   37   39   41   43   43
   44   44   45   48   51   57   65   74   84   94  103  111  117  122  124  126
  128  130  133  137  141  145  149  154  158
    57.5-180.0 180.0   5.0 450.0                            LAT/LON1/LON2/DLON/H
  173  177  179  179  178  176  172  168  162  154  147  141  136  132  127  119
  108   96   85   77   75   74   75   75   73   70   67   63   60   56   51   46
   42   40   40   42   43   43   40   37   34   34   36   38   40   42   42   42
   42   43   44   46   51   58   67   78   90  102  113  122  128  132  135  137
  140  143  146  150  154  159  164  169  173
    55.0-180.0 180.0   5.0 450.0                            LAT/LON1/LON2/DLON/H
  192  195  197  195  192  187  181  175  168  160  153  147  142  138  133  125
  115  104   93   85   81   80   80   79   76   73   69   65   61   57   51   46
   41   38   39   41   44   45   43   41   40   40   42   44   45   45   45   44
   44   45   46   48   53   61   73   85   99  112  124  134  141  146  149  152
  155  159  163  167  172  177  182  188  192
    52.5-180.0 180.0   5.0 450.0                            LAT/LON1/LON2/DLON/H
  214  216  217  214  208  200  191  183  175  166  159  153  149  145  141  136
  128  119  110  103   99   96   95   92   89   84   79   73   67   61   54   48
   42   40   41   44   48   50   50   49   50   51   52   53   52   51   50   49
   49   50   52   54   59   68   80   94  110  125  138  148  156  161  165  170
  175  180  185  189  193  198  204  209  214
    50.0-180.0 180.0   5.0 450.0                            LAT/LON1/LON2/DLON/H
  236  238  237  233  224  214  202  192  182  173  166  160  156  153  151  148
  144  139  133  127  122  119  116  112  107  100   93   85   76   68   60   52
   46   44   46   50   54   57   58   59   61   62   63   63   61   58   56   56
   57   60   61   63   67   75   88  104  121  137  151  163  171  176  182  188
  196  203  208  212  217  222  228  233  236
    47.5-180.0 180.0   5.0 450.0                            LAT/LON1/LON2/DLON/H
  258  258  256  251  242  229  215  202  190  180  173  168  164  161  160  160
  160  159  156  152  147  143  139  133  127  118  108   97   86   75   65   57
   52   51   53   57   62   65   67   69   71   73   74   72   69   66   64   64
   67   71   72   73   76   84   97  114  132  149  164  176  184  190  197  206
  215  224  231  235  240  246  251  256  258
    45.0-180.0 180.0   5.0 450.0                            LAT/LON1/LON2/DLON/H
  278  276  273  269  261  247  230  214  200  189  181  176  172  169  168  170
  173  175  176  173  170  165  159  153  144  134  121  107   94   81   70   63
   59   59   61   65   69   72   74   76   79   81   82   80   77   73   72   73
   77   81   83   82   84   91  105  123  142  160  175  187  195  201  209  219
  231  241  250  256  261  268  274  278  278
    42.5-180.0 180.0   5.0 450.0                            LAT/LON1/LON2/DLON/H
  297  294  291  288  281  267  248  229  212  200  192  186  180  176  175  178
  183  188  190  189  186  180  174  166  157  145  130  115   99   84   73   67
   65   66   69   73   75   77   78   80   84   86   87   86   83   80   79   81
   86   90   91   89   89   96  111  130  150  169  184  194  201  207  215  226
  239  251  262  271  279  287  294  298  297
    40.0-180.0 180.0   5.0 450.0                            LAT/LON1/LON2/DLON/H
  314  311  309  308  303  289  269  247  228  213  204  197  190  184  182  185
  191  197  200  200  196  190  182  174  164  151  136  119  102   87   76   71
   71   73   76   78   79   79   79   82   86   89   91   90   88   86   86   88
   93   96   96   93   92   99  115  136  156  175  189  199  206  211  217  227
  240  254  267  279  291  302  310  315  314
    37.5-180.0 180.0   5.0 450.0                            LAT/LON1/LON2/DLON/H
  332  330  329  330  326  312  290  266  245  229  218  209  202  195  192  194
  200  205  208  207  202  194  185  176  166  153  138  121  103   87   77   73
   75   78   80   81   80   79   80   82   87   90   92   93   93   92   92   94
   97   99   98   93   92  100  117  139  160  179  194  203  209  213  218  227
  239  254  269  284  299  313  323  330  332
    35.0-180.0 180.0   5.0 450.0                            LAT/LON1/LON2/DLON/H
  351  353  353  353  348  333  310  285  263  246  234  225  216  209  205  206
  211  215  215  211  204  194  183  173  163  152  138  121  103   87   78   76
   78   81   83   83   82   81   81   83   88   91   93   95   97   97   98   98
  100  100   97   92   91  100  118  141  162  182  197  206  212  216  221  228
  240  255  272  290  308  324  337  346  351
    32.5-180.0 180.0   5.0 450.0                            LAT/LON1/LON2/DLON/H
  375  379  380  377  369  351  327  302  281  264  252  243  234  226  221  222
  226  226  222  214  203  191  178  167  157  148  136  120  102   88   80   79
   82   86   87   87   85   84   85   87   90   93   94   97  100  102  102  101
  101   99   94   89   89   99  118  141  163  183  199  210  218  223  228  235
  246  261  280  300  321  340  355  367  375
    30.0-180.0 180.0   5.0 450.0                            LAT/LON1/LON2/DLON/H
  406  411  411  404  390  367  340  317  298  284  273  264  254  245  240  241
  243  241  231  217  202  187  172  160  151  144  135  122  106   93   86   86
   89   93   94   94   93   92   93   94   96   96   96   98  102  105  105  103
  101   97   90   85   86   98  117  140  162  183  201  215  226  233  240  248
  260  276  297  319  342  364  382  396  406
    27.5-180.0 180.0   5.0 450.0                            LAT/LON1/LON2/DLON/H
  444  448  445  434  414  385  355  332  316  305  297  288  277  267  262  262
  262  257  242  222  203  185  169  157  150  147  142  131  117  105  100  100
  103  105  106  106  105  105  106  105  104  101   98  100  104  107  106  103
   99   93   86   80   83   96  116  138  160  182  203  220  234  245  255  265
  280  299  321  346  373  399  421  436  444
    25.0-180.0 180.0   5.0 450.0                            LAT/LON1/LON2/DLON/H
  489  489  485  471  445  410  376  351  338  331  326  317  303  290  284  283
  283  275  256  232  208  187  171  163  160  161  160  152  139  129  124  123
  124  124  123  122  122  122  122  120  115  109  103  102  106  108  106  101
   96   89   81   76   79   93  113  135  158  181  204  224  242  257  271  285
  303  325  350  377  408  442  470  485  489
    22.5-180.0 180.0   5.0 450.0                            LAT/LON1/LON2/DLON/H
  535  533  530  517  488  448  408  380  367  365  362  351  332  316  307  305
  305  295  274  247  220  198  185  183  187  193  195  189  178  167  161  156
  152  148  145  142  142  142  141  136  129  118  110  106  107  108  105   99
   92   84   76   71   75   89  109  132  155  180  204  227  247  267  285  304
  326  350  377  407  442  484  518  534  535
    20.0-180.0 180.0   5.0 450.0                            LAT/LON1/LON2/DLON/H
  575  573  575  569  544  502  456  421  407  408  407  393  368  347  335  331
  329  320  299  270  242  219  211  220  235  246  248  242  229  215  204  194
  184  174  168  164  163  163  161  155  144  130  118  112  110  108  104   97
   89   80   72   67   71   84  104  127  153  179  205  228  250  272  296  320
  345  372  399  429  468  516  558  576  575
    17.5-180.0 180.0   5.0 450.0                            LAT/LON1/LON2/DLON/H
  601  604  615  618  602  565  515  475  461  465  464  445  414  387  371  363
  359  351  332  304  275  252  250  270  295  308  309  299  281  263  246  231
  215  201  192  186  184  184  181  173  159  143  128  119  115  110  104   96
   87   78   69   63   66   79   98  123  151  178  205  229  251  276  304  333
  360  387  412  440  479  531  578  600  601
    15.0-180.0 180.0   5.0 450.0                            LAT/LON1/LON2/DLON/H
  607  620  641  656  651  622  575  534  523  533  534  509  472  440  419  405
  398  391  376  350  319  295  296  325  356  369  364  348  325  301  279  260
  241  225  214  207  205  204  200  190  174  156  139  128  121  114  106   97
   86   76   66   61   63   73   92  118  148  177  205  229  253  279  311  344
  373  398  419  441  475  524  572  599  607
    12.5-180.0 180.0   5.0 450.0                            LAT/LON1/LON2/DLON/H
  595  616  647  673  680  663  623  588  585  603  607  580  541  508  482  461
  450  445  433  409  376  349  349  378  408  415  402  378  348  318  294  275
  258  245  235  228  224  222  216  203  185  166  149  137  128  119  109   98
   86   75   65   59   59   68   86  113  145  176  205  231  256  285  320  355
  384  406  422  438  464  505  550  578  595
    10.0-180.0 180.0   5.0 450.0                            LAT/LON1/LON2/DLON/H
  573  599  632  661  677  674  650  628  638  665  672  646  611  581  554  528
  513  511  506  483  447  412  402  421  439  434  411  379  343  311  289  277
  268  261  255  248  243  238  228  212  192  173  158  146  135  125  112   99
   86   74   64   58   58   65   81  108  142  175  206  235  263  295  333  368
  396  414  425  435  453  485  522  552  573
     7.5-180.0 180.0   5.0 450.0                            LAT/LON1/LON2/DLON/H
  555  581  609  631  646  653  648  646  671  707  717  695  667  645  621  593
  577  581  583  564  523  479  453  450  448  428  395  357  319  288  274  272
  274  276  274  268  261  251  235  214  194  176  163  152  141  128  114   99
   85   72   63   57   57   63   78  104  138  173  207  240  274  310  348  383
  408  425  433  439  452  475  505  532  555
     5.0-180.0 180.0   5.0 450.0                            LAT/LON1/LON2/DLON/H
  550  570  588  598  603  614  626  643  678  718  730  715  698  688  671  644
  630  640  650  634  590  537  493  465  440  405  365  325  288  262  257  267
  280  290  294  290  278  260  236  211  190  175  163  154  142  128  112   96
   82   70   61   57   57   62   75  101  135  171  207  245  285  324  363  397
  421  436  445  453  467  487  510  531  550
     2.5-180.0 180.0   5.0 450.0                            LAT/LON1/LON2/DLON/H
  569  580  583  574  565  573  597  626  665  700  707  695  691  696  689  668
  657  673  689  676  632  572  513  465  420  375  333  296  263  244  247  267
  289  307  315  309  292  265  232  203  182  168  159  150  138  123  108   92
   78   67   60   57   58   62   75   99  132  168  207  249  293  336  374  407
  430  446  458  472  493  518  540  556  569
