Examples/data/jplg0790 .16i
     1.0            IONOSPHERE MAPS     GPS                 IONEX VERSION / TYPE
GIM V3.0            JPL - GNISD         22-mar-2016 01:10   PGM / RUN BY / DATE 
JPL'S GLOBAL IONOSPHERE MAPS YEAR 2016 DAY 079              COMMENT             
Global Ionospheric Maps (GIM) are generated on an hourly    DESCRIPTION         
and daily basis at JPL using data from up to 100 GPS sites  DESCRIPTION         
of the IGS and others institutions.                         DESCRIPTION         
The vertical TEC is modeled in a solar-geomagnetic          DESCRIPTION         
reference frame using bi-cubic splines on a spherical grid. DESCRIPTION         
A Kalman filter is used to solve simultaneously for         DESCRIPTION         
instrumental biases and VTEC on the grid (as stochastic     DESCRIPTION         
parameters).                                                DESCRIPTION         
Contact Address:  gpsiono@cobra.jpl.nasa.gov .              DESCRIPTION         
  2016     3    19     0     0     0                        EPOCH OF FIRST MAP  
  2016     3    20     0     0     0                        EPOCH OF LAST MAP   
  7200                                                      INTERVAL            
    13                                                      # OF MAPS IN FILE   
  NONE                                                      MAPPING FUNCTION    
    10.0                                                    ELEVATION CUTOFF    
One-way carrier phase leveled to code                       OBSERVABLES USED    
   170                                                      # OF STATIONS       
    31                                                      # OF SATELLITES     
  6371.0                                                    BASE RADIUS         
     2                                                      MAP DIMENSION       
   450.0 450.0   0.0                                        HGT1 / HGT2 / DHGT  
    87.5 -87.5  -2.5                                        LAT1 / LAT2 / DLAT  
  -180.0 180.0   5.0                                        LON1 / LON2 / DLON  
    -1                                                      EXPONENT            
TEC/RMS values in 0.1 TECU; 9999, if no value available     COMMENT             
                                                            END OF HEADER       
[from data line 3003]
     8                                                      START OF TEC MAP    
  2016     3    19    14     0     0                        EPOCH OF CURRENT MAP
    87.5-180.0 180.0   5.0 450.0                            LAT/LON1/LON2/DLON/H
  112  112  112  112  112  113  113  113  113  113  114  114  114  114  114  115
  115  115  115  115  116  116  116  116  116  116  115  115  115  115  115  114
  114  114  114  113  113  113  112  112  112  112  111  111  111  111  111  111
  111  111  111  111  111  111  111  111  111  111  111  111  111  112  112  112
  112  112  112  112  112  112  112  112  112
    85.0-180.0 180.0   5.0 450.0                            LAT/LON1/LON2/DLON/H
  107  107  107  107  107  108  108  108  109  109  110  110  111  112  112  113
  114  114  115  115  116  116  117  117  117  117  117  117  116  116  115  114
  114  113  112  111  110  109  109  108  107  107  106  106  105  105  105  105
  105  105  105  106  106  106  106  107  107  107  108  108  108  108  108  108
  108  108  108  107  107  107  107  107  107
    82.5-180.0 180.0   5.0 450.0                            LAT/LON1/LON2/DLON/H
   99   99   99   99   99  100  100  101  101  102  103  104  105  106  107  109
  110  111  113  114  115  117  118  118  119  119  119  119  118  117  116  115
  114  113  111  110  108  106  105  103  102  101  100   99   98   98   98   98
   98   98   98   99   99  100  101  101  102  102  103  103  103  103  103  103
  103  102  102  101  101  100  100  100   99
    80.0-180.0 180.0   5.0 450.0                            LAT/LON1/LON2/DLON/H
   90   89   89   89   89   89   90   91   92   93   94   95   97   98  100  102
  104  107  109  112  114  116  118  120  121  122  122  122  122  121  120  118
  117  114  112  110  108  105  103  100   98   96   95   93   92   91   91   91
   90   91   91   91   92   93   93   94   95   96   96   97   97   97   97   97
   96   96   95   94   93   92   91   91   90
    77.5-180.0 180.0   5.0 450.0                            LAT/LON1/LON2/DLON/H
   80   79   79   78   79   79   80   80   82   83   84   86   88   90   92   95
   98  101  105  108  112  116  120  123  125  127  128  128  128  127  126  124
  122  120  117  114  110  107  103  100   97   94   92   90   89   87   86   85
   85   84   84   84   84   85   85   86   87   88   88   89   90   90   90   90
   89   89   88   86   85   84   82   81   80
    75.0-180.0 180.0   5.0 450.0                            LAT/LON1/LON2/DLON/H
   71   70   70   69   69   70   71   72   73   75   76   78   80   82   85   88
   91   95  100  105  111  116  121  126  129  132  133  133  133  133  132  131
  129  127  124  121  117  112  108  103   99   96   93   91   89   87   85   83
   82   80   79   78   77   77   77   77   78   79   80   81   81   82   83   83
   82   82   81   79   77   75   74   72   71
    72.5-180.0 180.0   5.0 450.0                            LAT/LON1/LON2/DLON/H
   65   64   63   63   63   64   65   66   68   69   71   73   75   77   80   83
   86   91   97  103  110  116  123  128  133  136  138  139  138  137  137  136
  136  135  133  130  126  121  115  110  106  102   98   96   93   91   89   86
   83   80   77   74   72   70   69   69   69   70   71   72   74   75   75   76
   76   75   74   72   70   69   67   66   65
    70.0-180.0 180.0   5.0 450.0                            LAT/LON1/LON2/DLON/H
   61   61   61   61   61   61   62   63   65   66   69   71   73   76   78   81
   85   89   95  102  109  116  123  129  135  139  142  142  141  140  139  139
  140  141  140  138  135  130  124  119  114  111  107  105  102  100   96   92
   88   83   78   73   69   66   64   63   63   63   64   66   67   68   69   70
   70   70   69   67   65   64   62   62   61
    67.5-180.0 180.0   5.0 450.0                            LAT/LON1/LON2/DLON/H
   61   61   62   62   62   62   62   63   64   66   68   71   74   77   80   83
   86   91   96  102  108  115  122  128  134  139  142  143  142  141  140  140
  142  144  145  144  142  138  133  128  124  121  119  116  114  111  106  101
   95   89   82   75   69   64   61   59   58   59   60   61   62   63   64   65
   65   65   64   63   61   60   60   60   61
    65.0-180.0 180.0   5.0 450.0                            LAT/LON1/LON2/DLON/H
   62   64   65   66   66   65   65   64   65   66   68   72   76   80   84   87
   90   94   98  102  108  113  119  125  130  135  139  140  141  140  139  140
  142  145  147  148  146  142  138  135  133  131  130  128  126  122  117  111
  104   96   87   79   71   65   61   59   58   59   60   60   60   61   61   61
   62   62   61   60   59   58   59   60   62
    62.5-180.0 180.0   5.0 450.0                            LAT/LON1/LON2/DLON/H
   64   67   69   71   70   69   68   66   65   65   67   72   77   83   87   91
   94   97  100  103  107  111  115  119  124  129  133  137  138  138  139  140
  142  146  148  149  148  145  142  139  139  139  138  137  135  131  126  120
  112  103   94   85   76   69   64   62   61   61   62   62   61   60   59   59
   60   60   60   59   57   57   58   61   64
    60.0-180.0 180.0   5.0 450.0                            LAT/LON1/LON2/DLON/H
   65   70   73   75   75   73   70   66   63   63   65   70   77   83   89   94
   97   99  102  104  106  108  110  113  117  122  128  133  136  138  139  141
  144  147  149  150  148  146  143  142  142  143  144  143  141  137  132  126
  119  110  102   92   83   76   70   67   67   67   67   66   64   62   60   59
   60   60   60   59   57   57   58   61   65
    57.5-180.0 180.0   5.0 450.0                            LAT/LON1/LON2/DLON/H
   66   71   75   77   78   76   71   66   62   60   61   66   74   82   88   93
   97  100  102  103  104  105  106  108  112  117  124  131  136  140  143  145
  148  150  151  151  150  147  145  144  145  145  146  145  143  140  136  130
  124  117  109  101   92   84   78   75   74   75   74   72   69   65   63   62
   62   62   62   61   59   57   58   61   66
    55.0-180.0 180.0   5.0 450.0                            LAT/LON1/LON2/DLON/H
   67   72   76   79   79   77   72   66   60   57   58   63   70   78   85   91
   95   99  101  102  103  104  104  106  109  115  123  131  139  145  149  152
  154  155  155  154  153  150  148  147  147  147  146  145  143  141  138  134
  129  123  117  110  102   95   89   86   84   83   82   80   76   71   68   67
   67   67   67   65   62   60   60   63   67
    52.5-180.0 180.0   5.0 450.0                            LAT/LON1/LON2/DLON/H
   69   73   77   79   80   78   73   67   60   56   56   61   68   75   82   87
   92   96   99  102  103  104  105  107  110  116  125  135  144  151  156  159
  160  160  160  159  158  157  155  153  151  150  148  146  144  143  141  138
  134  130  125  119  112  106  101   97   95   93   91   88   84   79   76   75
   75   75   75   72   69   66   64   66   69
    50.0-180.0 180.0   5.0 450.0                            LAT/LON1/LON2/DLON/H
   73   76   78   80   80   78   74   68   62   58   58   61   66   73   79   84
   89   94   98  102  104  106  108  110  114  120  129  140  150  158  164  166
  167  165  164  164  165  165  164  161  158  156  153  150  149  148  146  143
  140  136  132  127  122  117  112  108  105  103  100   97   92   88   85   84
   84   85   84   82   78   75   72   72   73
    47.5-180.0 180.0   5.0 450.0                            LAT/LON1/LON2/DLON/H
   80   80   80   81   81   79   76   71   66   63   63   65   68   72   77   83
   88   94   99  103  106  109  111  114  118  125  135  146  157  165  170  172
  171  170  169  171  173  176  175  172  169  165  162  160  158  157  154  151
  147  143  139  135  130  126  121  117  114  112  109  105  101   97   94   93
   94   94   94   92   89   85   82   81   80
    45.0-180.0 180.0   5.0 450.0                            LAT/LON1/LON2/DLON/H
   88   86   84   82   81   80   77   73   71   69   70   70   72   75   79   85
   90   96  101  106  110  113  116  119  123  130  140  152  163  171  175  177
  176  175  175  178  183  187  188  186  182  178  176  174  172  169  165  160
  155  150  145  140  135  130  126  123  121  119  116  113  108  104  102  101
  101  102  102  101   99   96   93   90   88
    42.5-180.0 180.0   5.0 450.0                            LAT/LON1/LON2/DLON/H
   95   91   87   84   82   80   77   75   74   76   77   78   78   80   84   89
   95  101  106  111  115  118  121  124  128  136  146  157  168  176  180  182
  182  182  183  187  193  198  200  200  197  194  192  191  188  184  177  171
  165  158  151  143  135  129  125  124  125  124  123  119  115  110  107  105
  106  106  106  106  105  104  102   99   95
    40.0-180.0 180.0   5.0 450.0                            LAT/LON1/LON2/DLON/H
  100   95   90   86   83   80   77   75   77   81   85   86   86   87   90   96
  102  108  113  118  121  124  126  129  134  141  151  163  174  182  187  190
  192  194  196  199  205  210  214  216  214  212  210  208  204  198  190  182
  175  167  157  145  134  126  122  123  127  128  128  125  120  114  110  108
  107  107  106  106  107  108  107  104  100
    37.5-180.0 180.0   5.0 450.0                            LAT/LON1/LON2/DLON/H
  103   98   92   88   84   80   76   74   78   85   93   95   95   95   99  104
  110  116  121  125  129  131  133  135  140  147  158  170  181  190  197  203
  208  211  214  217  220  226  231  234  233  231  229  225  219  210  201  194
  187  178  165  150  136  125  121  124  129  132  132  129  124  118  113  110
  109  106  104  103  105  107  108  106  103
    35.0-180.0 180.0   5.0 450.0                            LAT/LON1/LON2/DLON/H
  103   99   95   90   86   81   76   74   78   89  100  104  104  104  108  113
  119  124  129  134  138  139  141  143  147  155  166  178  190  201  211  222
  231  237  240  241  242  247  253  257  255  251  246  241  233  222  212  207
  203  194  180  163  146  133  128  130  134  136  136  133  128  122  117  114
  112  108  103  101  102  105  106  105  103
    32.5-180.0 180.0   5.0 450.0                            LAT/LON1/LON2/DLON/H
  102  100   97   94   89   83   76   74   80   93  106  111  112  114  117  122
  127  132  138  144  148  150  151  152  156  164  176  189  202  215  230  247
  260  268  272  271  271  275  283  286  281  271  264  257  247  236  227  225
  223  216  202  185  169  155  148  146  144  141  139  137  133  127  124  122
  120  114  106  101  101  103  104  104  102
    30.0-180.0 180.0   5.0 450.0                            LAT/LON1/LON2/DLON/H
  102  101  100   97   93   86   79   77   82   96  110  116  118  121  126  131
  135  140  147  154  160  162  163  164  167  175  188  203  217  233  254  276
  295  306  310  310  310  314  322  323  311  296  284  276  265  254  247  248
  251  246  235  221  206  192  181  171  160  149  144  142  139  136  134  135
  133  126  116  108  105  105  105  103  102
    27.5-180.0 180.0   5.0 450.0                            LAT/LON1/LON2/DLON/H
  103  103  103  101   98   91   85   81   86   98  110  116  120  125  132  138
  143  148  156  165  172  176  176  176  179  188  202  219  236  256  282  311
  335  348  354  355  356  362  369  365  347  325  310  301  291  280  275  280
  285  283  275  264  253  238  222  203  182  163  154  151  150  149  150  153
  153  145  132  121  115  113  110  106  103
    25.0-180.0 180.0   5.0 450.0                            LAT/LON1/LON2/DLON/H
  107  105  105  106  103   98   91   88   90   99  107  111  116  125  136  144
  151  157  166  177  185  189  190  190  193  202  218  238  259  285  317  351
  379  394  401  403  406  412  417  410  386  359  343  335  325  315  312  318
  324  323  317  310  300  284  263  238  209  184  171  168  167  167  170  174
  175  166  151  138  130  124  119  112  107
    22.5-180.0 180.0   5.0 450.0                            LAT/LON1/LON2/DLON/H
  112  108  108  110  109  105  100   95   95   99  102  104  109  121  136  149
  159  167  178  189  197  201  203  204  206  216  235  259  287  320  358  396
  424  441  448  451  455  461  464  453  426  399  384  377  367  356  352  357
  362  361  356  350  340  323  299  270  240  215  200  194  192  192  195  200
  199  189  173  157  146  138  129  120  112
    20.0-180.0 180.0   5.0 450.0                            LAT/LON1/LON2/DLON/H
  117  110  110  114  116  114  109  104  101   99   97   96  102  117  137  154
  168  179  191  202  208  212  215  217  221  232  253  283  318  358  401  440
  468  483  490  494  498  502  503  490  464  440  428  422  411  397  391  393
  395  393  387  379  367  346  321  295  273  255  241  231  226  225  226  227
  223  211  193  175  162  151  140  129  117
    17.5-180.0 180.0   5.0 450.0                            LAT/LON1/LON2/DLON/H
  122  113  113  119  123  122  119  114  108  102   95   91   97  116  139  161
  178  193  205  214  219  222  226  230  235  248  273  307  350  397  443  480
  506  519  525  528  530  532  530  519  497  479  471  465  452  435  424  421
  418  413  406  395  378  355  333  316  308  301  288  273  264  260  257  253
  244  229  209  190  174  161  149  136  122
    15.0-180.0 180.0   5.0 450.0                            LAT/LON1/LON2/DLON/H
  125  116  116  124  130  131  129  124  116  107   98   92   99  120  146  171
  192  208  220  226  229  232  237  243  250  266  294  334  382  433  480  513
  533  543  548  550  551  551  548  539  523  511  506  501  485  464  448  438
  430  423  416  401  380  357  340  336  343  347  334  312  297  291  285  275
  261  242  221  200  182  168  154  140  125
    12.5-180.0 180.0   5.0 450.0                            LAT/LON1/LON2/DLON/H
  128  119  121  130  137  139  137  133  126  115  105  100  108  130  159  186
  208  225  235  239  239  242  248  257  267  286  318  361  412  465  508  535
  548  555  559  561  562  560  557  550  541  534  531  523  505  482  462  446
  434  427  420  403  379  358  349  357  377  388  371  341  321  313  305  290
  271  250  227  205  186  170  156  142  128
    10.0-180.0 180.0   5.0 450.0                            LAT/LON1/LON2/DLON/H
  129  122  127  137  143  145  144  141  134  124  114  112  122  146  177  205
  227  243  250  251  250  253  261  271  285  308  344  389  441  490  527  545
  553  557  561  562  562  561  558  555  550  546  542  533  514  492  470  450
  435  428  421  404  380  365  367  386  411  419  393  352  328  321  313  295
  273  251  228  205  184  168  155  142  129
     7.5-180.0 180.0   5.0 450.0                            LAT/LON1/LON2/DLON/H
  131  126  133  144  149  149  148  147  142  132  124  124  138  164  196  226
  247  260  265  264  263  266  274  286  304  332  370  416  464  507  536  547
  549  551  554  555  555  554  553  553  551  548  543  532  515  494  472  451
  435  429  424  408  387  380  394  419  440  437  397  346  318  313  307  289
  266  244  222  199  178  163  152  141  131
     5.0-180.0 180.0   5.0 450.0                            LAT/LON1/LON2/DLON/H
  132  131  141  152  155  152  151  151  147  137  130  134  151  180  214  244
  265  277  279  276  276  280  288  301  322  354  394  437  480  516  537  542
  540  540  541  541  540  541  543  546  546  542  535  524  509  491  472  452
  437  432  427  412  396  397  420  448  460  441  387  327  296  294  291  275
  253  231  210  188  169  156  147  140  132
     2.5-180.0 180.0   5.0 450.0                            LAT/LON1/LON2/DLON/H
  134  136  148  160  161  157  155  156  151  140  134  140  160  191  227  258
  279  290  292  290  290  294  301  314  338  372  411  450  486  514  529  531
  529  528  525  522  521  523  528  532  533  529  522  511  499  485  469  451
  438  432  426  413  400  408  437  463  464  430  365  298  268  269  270  256
  236  215  195  174  157  147  142  138  134
