Examples/data/jplg0790 .16i
     1.0            IONOSPHERE MAPS     GPS                 IONEX VERSION / TYPE
GIM V3.0            JPL - GNISD         22-mar-2016 01:10   PGM / RUN BY / DATE 
JPL'S GLOBAL IONOSPHERE MAPS YEAR 2016 DAY 079              COMMENT             
Global Ionospheric Maps (GIM) are generated on an hourly    DESCRIPTION         
and daily basis at JPL using data from up to 100 GPS sites  DESCRIPTION         
of the IGS and others institutions.                         DESCRIPTION         
The vertical TEC is modeled in a solar-geomagnetic          DESCRIPTION         
reference frame using bi-cubic splines on a spherical grid. DESCRIPTION         
A Kalman filter is used to solve simultaneously for         DESCRIPTION         
instrumental biases and VTEC on the grid (as stochastic     DESCRIPTION         
parameters).                                                DESCRIPTION         
Contact Address:  gpsiono@cobra.jpl.nasa.gov .              DESCRIPTION         
  2016     3    19     0     0     0                        EPOCH OF FIRST MAP  
  2016     3    20     0     0     0                        EPOCH OF LAST MAP   
  7200                                                      INTERVAL            
    13                                                      # OF MAPS IN FILE   
  NONE                                                      MAPPING FUNCTION    
    10.0                                                    ELEVATION CUTOFF    
One-way carrier phase leveled to code                       OBSERVABLES USED    
   170                                                      # OF STATIONS       
    31                                                      # OF SATELLITES     
  6371.0                                                    BASE RADIUS         
     2                                                      MAP DIMENSION       
   450.0 450.0   0.0                                        HGT1 / HGT2 / DHGT  
    87.5 -87.5  -2.5                                        LAT1 / LAT2 / DLAT  
  -180.0 180.0   5.0                                        LON1 / LON2 / DLON  
    -1                                                      EXPONENT            
TEC/RMS values in 0.1 TECU; 9999, if no value available     COMMENT             
                                                            END OF HEADER       
[from data line 4719]
    12                                                      START OF TEC MAP    
  2016     3    19    22     0     0                        EPOCH OF CURRENT MAP
    87.5-180.0 180.0   5.0 450.0                            LAT/LON1/LON2/DLON/H
   86   86   86   86   87   87   87   87   87   87   87   87   87   87   88   88
   88   88   88   87   87   87   87   87   87   86   86   86   85   85   85   84
   84   83   83   82   82   81   81   80   80   79   79   79   78   78   78   78
   78   78   78   78   78   79   79   79   80   80   81   81   82   82   83   83
   84   84   84   85   85   85   86   86   86
    85.0-180.0 180.0   5.0 450.0                            LAT/LON1/LON2/DLON/H
   92   92   92   92   91   91   92   92   92   92   92   93   93   93   94   94
   94   95   95   95   95   95   94   94   94   93   93   92   92   91   90   89
   89   88   87   85   84   83   82   81   80   79   78   77   76   76   75   75
   75   75   75   75   76   76   77   78   79   80   81   83   84   85   86   87
   88   89   90   91   91   91   92   92   92
    82.5-180.0 180.0   5.0 450.0                            LAT/LON1/LON2/DLON/H
   98   97   97   97   96   96   96   96   97   97   98   98   99  100  101  101
  102  102  102  103  103  102  102  102  101  101  100  100   99   98   97   96
   94   93   91   89   88   86   84   82   81   79   78   76   75   74   73   73
   72   72   72   72   73   74   75   77   79   81   83   85   87   89   91   93
   94   96   97   97   98   98   98   98   98
    80.0-180.0 180.0   5.0 450.0                            LAT/LON1/LON2/DLON/H
  103  103  102  101  101  101  101  101  102  103  104  105  106  107  108  109
  110  110  110  110  110  109  109  108  108  107  106  105  104  103  102  100
   98   96   94   92   89   87   85   83   81   79   77   75   74   72   71   71
   70   70   70   70   71   72   74   76   78   80   83   86   89   92   95   97
   99  101  102  103  104  104  104  104  103
    77.5-180.0 180.0   5.0 450.0                            LAT/LON1/LON2/DLON/H
  107  106  106  105  105  105  105  106  107  108  110  111  113  115  116  117
  117  117  117  116  115  114  112  111  110  109  108  107  106  105  103  101
   99   96   94   91   88   85   83   80   78   76   74   73   72   70   69   69
   68   68   68   68   69   70   71   73   76   78   81   85   88   91   95   98
  101  103  105  106  107  108  108  108  107
    75.0-180.0 180.0   5.0 450.0                            LAT/LON1/LON2/DLON/H
  109  109  108  108  108  108  109  110  111  113  115  118  120  121  123  123
  123  122  121  119  117  115  113  111  109  108  107  105  104  102  101   98
   96   93   89   86   83   80   78   75   73   72   70   69   68   68   67   67
   66   66   66   66   67   67   68   70   72   74   77   80   84   87   91   94
   98  101  103  105  107  108  109  109  109
    72.5-180.0 180.0   5.0 450.0                            LAT/LON1/LON2/DLON/H
  109  109  110  110  110  110  111  113  115  117  120  123  125  127  128  128
  127  125  123  120  117  114  111  108  106  104  102  100   98   96   94   91
   88   85   82   78   75   73   70   68   67   66   65   64   64   64   64   64
   64   64   64   64   65   65   65   66   67   69   71   74   77   81   85   89
   92   96   99  101  104  106  107  108  109
    70.0-180.0 180.0   5.0 450.0                            LAT/LON1/LON2/DLON/H
  108  109  110  110  111  112  113  115  118  121  124  127  130  131  132  131
  129  127  124  120  117  113  109  105  102   98   95   92   90   87   84   81
   77   74   71   68   65   63   61   60   59   59   59   59   60   61   62   62
   62   62   62   62   62   62   62   62   63   64   65   68   71   75   79   83
   86   90   93   96   99  102  104  106  108
    67.5-180.0 180.0   5.0 450.0                            LAT/LON1/LON2/DLON/H
  107  109  110  111  112  113  115  117  120  124  127  130  133  134  134  133
  131  128  125  121  117  113  109  104   98   93   88   83   79   76   72   69
   66   63   60   57   55   54   52   52   52   52   53   55   56   58   59   60
   60   60   60   59   59   58   58   58   58   59   60   63   66   70   74   79
   83   86   89   92   96   99  102  105  107
    65.0-180.0 180.0   5.0 450.0                            LAT/LON1/LON2/DLON/H
  108  110  112  113  114  115  116  119  122  125  129  132  134  136  135  134
  133  130  127  123  120  116  111  104   97   89   81   75   70   65   61   58
   55   53   51   49   47   46   45   45   46   47   49   51   53   55   57   57
   58   57   56   56   55   54   54   53   54   55   57   60   64   69   74   79
   83   86   89   91   94   98  101  105  108
    62.5-180.0 180.0   5.0 450.0                            LAT/LON1/LON2/DLON/H
  111  114  115  116  117  118  119  120  123  126  130  133  135  136  136  136
  134  132  130  127  124  120  115  107   98   87   78   70   63   58   55   52
   49   48   46   45   43   42   41   42   43   45   48   50   53   55   56   56
   55   54   53   51   50   50   50   50   51   52   55   59   64   70   77   83
   87   90   92   94   96  100  104  108  111
    60.0-180.0 180.0   5.0 450.0                            LAT/LON1/LON2/DLON/H
  118  121  122  123  123  123  123  123  125  127  130  133  135  136  137  136
  135  134  132  130  128  124  119  111  101   89   78   69   63   58   54   52
   51   49   47   46   44   42   41   42   44   46   50   53   55   56   56   55
   54   52   50   48   47   47   48   48   50   52   55   59   66   74   82   89
   94   96   97   99  101  105  110  114  118
    57.5-180.0 180.0   5.0 450.0                            LAT/LON1/LON2/DLON/H
  129  132  133  133  132  131  129  128  127  128  130  132  134  136  136  136
  136  135  133  132  130  127  123  115  105   94   84   75   69   65   62   61
   59   57   54   51   49   47   46   47   49   52   56   59   61   61   60   57
   54   51   49   48   47   48   49   50   51   53   57   62   69   79   89   97
  101  103  104  105  109  114  119  125  129
    55.0-180.0 180.0   5.0 450.0                            LAT/LON1/LON2/DLON/H
  143  147  148  148  146  143  138  134  131  130  131  132  134  135  136  136
  135  134  133  132  130  128  124  119  111  103   94   87   82   79   77   75
   72   69   65   61   58   56   55   56   59   62   66   69   70   68   65   62
   58   55   53   52   52   53   54   55   57   58   61   66   74   84   95  103
  108  110  111  113  118  125  132  138  143
    52.5-180.0 180.0   5.0 450.0                            LAT/LON1/LON2/DLON/H
  161  165  167  167  164  158  151  144  137  133  132  132  133  134  135  135
  134  133  132  130  128  126  124  121  118  113  108  103   99   96   94   91
   87   82   77   72   68   67   68   69   72   75   78   80   80   77   73   69
   65   62   61   61   61   63   64   65   65   65   67   70   78   89  100  109
  113  115  117  122  130  139  148  155  161
    50.0-180.0 180.0   5.0 450.0                            LAT/LON1/LON2/DLON/H
  183  187  190  189  185  178  168  156  146  138  134  133  134  134  135  135
  134  132  130  128  125  123  123  124  125  125  123  120  116  113  109  105
  100   94   87   82   80   80   82   84   87   90   92   92   91   87   83   78
   75   73   73   73   74   75   76   76   75   74   74   76   83   94  105  113
  117  119  124  132  144  156  167  176  183
    47.5-180.0 180.0   5.0 450.0                            LAT/LON1/LON2/DLON/H
  207  212  215  214  209  200  187  171  157  145  138  135  135  136  136  136
  135  133  130  127  124  122  123  127  133  136  137  134  130  125  119  114
  107  101   94   91   90   92   95   98  101  103  104  104  101   97   92   88
   85   85   86   87   88   89   89   88   86   83   82   83   89  100  111  118
  122  125  131  143  159  175  188  198  207
    45.0-180.0 180.0   5.0 450.0                            LAT/LON1/LON2/DLON/H
  233  240  243  243  237  226  209  190  171  155  145  139  138  138  139  139
  138  136  134  130  127  125  126  133  142  147  148  145  138  129  121  115
  109  104   99   97   98  102  107  111  113  115  115  113  110  106  101   97
   96   96   98  100  101  101  100   98   95   92   89   90   96  107  117  124
  128  132  141  157  176  195  211  223  233
    42.5-180.0 180.0   5.0 450.0                            LAT/LON1/LON2/DLON/H
  260  269  274  273  267  254  235  212  188  168  153  145  143  143  144  144
  144  143  141  138  134  132  134  143  152  158  157  151  140  128  118  112
  107  104  102  102  104  109  115  119  122  124  123  121  117  112  108  104
  103  104  107  108  109  108  106  105  102   99   96   98  104  115  126  133
  137  142  153  172  194  216  234  248  260
    40.0-180.0 180.0   5.0 450.0                            LAT/LON1/LON2/DLON/H
  289  300  305  305  298  284  264  238  210  185  165  154  150  150  151  152
  153  153  152  150  146  144  146  154  164  168  165  155  141  126  114  107
  105  104  104  105  109  114  120  125  128  130  129  127  122  117  112  108
  107  108  111  112  112  111  109  108  106  104  103  105  112  124  135  142
  147  154  168  188  212  236  256  274  289
    37.5-180.0 180.0   5.0 450.0                            LAT/LON1/LON2/DLON/H
  317  331  338  338  330  315  295  268  236  205  181  166  161  160  162  164
  165  166  166  165  161  158  160  168  176  178  173  161  144  126  112  105
  104  106  108  110  112  117  122  127  131  133  133  131  125  119  113  109
  107  108  110  112  111  110  108  108  108  107  107  111  119  131  143  151
  158  168  183  204  229  254  278  299  317
    35.0-180.0 180.0   5.0 450.0                            LAT/LON1/LON2/DLON/H
  344  361  371  370  361  347  327  300  266  230  201  183  176  174  176  178
  180  182  183  181  177  175  176  182  187  189  183  171  153  134  118  109
  108  111  115  116  116  119  124  129  133  135  136  133  127  120  113  107
  104  105  107  109  108  106  105  105  107  108  110  115  124  136  149  158
  168  179  196  219  245  271  298  323  344
    32.5-180.0 180.0   5.0 450.0                            LAT/LON1/LON2/DLON/H
  371  391  402  401  391  378  360  335  300  260  227  206  196  193  193  195
  198  199  200  198  194  191  191  194  198  199  196  186  170  150  131  120
  118  122  127  125  122  121  125  130  134  136  137  134  127  119  111  104
  100  100  102  103  102  100   99  101  104  107  110  115  125  137  150  162
  173  188  206  230  257  286  316  345  371
    30.0-180.0 180.0   5.0 450.0                            LAT/LON1/LON2/DLON/H
  395  419  432  431  420  407  394  373  338  297  260  236  222  217  215  216
  218  219  218  214  210  206  205  205  207  211  212  207  192  171  151  137
  135  141  146  140  130  126  127  131  135  137  137  134  127  118  108  101
   96   95   96   97   95   93   93   95  100  104  108  113  121  134  148  161
  175  192  212  237  266  298  332  365  395
    27.5-180.0 180.0   5.0 450.0                            LAT/LON1/LON2/DLON/H
  416  443  458  458  448  438  430  413  382  341  303  274  257  247  242  241
  240  239  236  230  224  220  217  215  216  223  232  233  219  197  174  160
  160  169  174  163  143  132  131  134  137  139  138  133  125  116  106   97
   92   90   90   90   88   86   86   89   94   99  103  108  116  128  143  158
  174  192  213  239  271  308  346  382  416
    25.0-180.0 180.0   5.0 450.0                            LAT/LON1/LON2/DLON/H
  433  463  481  483  476  471  468  457  430  392  353  322  299  284  274  268
  264  259  253  244  236  230  226  223  225  237  254  262  249  224  200  188
  192  207  211  191  160  142  139  142  143  143  140  133  124  113  104   95
   90   87   86   85   83   80   80   83   88   93   97  101  108  121  137  154
  171  191  213  240  275  316  357  397  433
    22.5-180.0 180.0   5.0 450.0                            LAT/LON1/LON2/DLON/H
  446  478  500  508  507  508  511  505  482  447  409  376  348  327  311  299
  289  280  270  257  245  237  232  230  235  254  280  295  281  250  225  217
  228  247  250  221  181  157  152  154  154  151  144  134  123  113  104   96
   90   87   85   83   80   77   77   78   81   85   88   93  101  115  133  152
  171  191  213  242  279  323  367  408  446
    20.0-180.0 180.0   5.0 450.0                            LAT/LON1/LON2/DLON/H
  456  489  516  532  541  550  558  555  535  503  467  432  401  374  352  333
  317  302  286  268  251  240  235  235  246  274  310  330  313  275  247  244
  260  281  284  250  203  175  170  173  171  164  152  138  125  115  107  101
   95   91   88   84   81   78   76   74   75   76   79   84   94  111  132  154
  174  194  217  246  285  330  375  418  456
    17.5-180.0 180.0   5.0 450.0                            LAT/LON1/LON2/DLON/H
  463  498  529  554  574  593  607  607  588  558  524  489  454  423  395  370
  348  328  306  281  258  244  238  242  260  295  340  365  344  298  268  266
  283  303  304  269  222  197  195  197  192  179  162  145  131  122  116  111
  106  101   95   90   85   82   77   72   69   67   69   75   88  109  134  158
  180  202  225  254  293  338  383  425  463
    15.0-180.0 180.0   5.0 450.0                            LAT/LON1/LON2/DLON/H
  469  504  539  574  605  633  652  653  635  607  575  541  506  471  440  411
  385  360  333  302  273  255  248  255  277  318  368  394  370  319  285  280
  291  306  304  274  238  221  222  224  215  197  175  155  142  134  130  126
  120  113  105   97   91   86   79   71   64   59   60   68   84  109  138  165
  189  212  236  265  303  347  391  432  469
    12.5-180.0 180.0   5.0 450.0                            LAT/LON1/LON2/DLON/H
  474  509  547  588  628  663  687  690  673  647  618  587  553  519  487  457
  429  402  371  336  302  279  270  276  300  342  391  416  390  336  299  287
  285  289  288  270  249  244  249  251  238  215  190  170  158  152  147  142
  136  126  114  103   97   91   82   70   60   53   53   62   81  109  142  172
  199  223  248  277  313  355  398  438  474
    10.0-180.0 180.0   5.0 450.0                            LAT/LON1/LON2/DLON/H
  479  513  551  595  640  678  705  710  696  674  650  622  592  561  533  506
  481  455  423  386  349  322  309  310  329  365  407  427  401  350  311  289
  273  266  267  263  260  266  275  275  258  231  204  185  175  169  164  157
  147  135  120  107   99   92   82   69   57   50   49   59   79  110  145  178
  207  233  258  287  323  362  403  443  479
     7.5-180.0 180.0   5.0 450.0                            LAT/LON1/LON2/DLON/H
  483  516  554  597  640  676  702  710  701  684  666  644  619  594  572  552
  533  512  484  448  411  383  364  356  364  387  418  430  405  360  323  294
  264  249  253  261  273  288  297  293  273  242  214  197  189  182  174  164
  152  137  119  105   97   91   80   67   55   49   49   58   78  110  147  183
  213  239  265  294  329  368  408  447  483
     5.0-180.0 180.0   5.0 450.0                            LAT/LON1/LON2/DLON/H
  487  521  557  596  632  662  683  691  687  676  664  649  631  614  600  588
  577  564  542  511  478  449  425  406  401  410  426  429  405  368  336  304
  269  250  258  275  294  308  312  303  279  245  217  202  195  186  174  161
  146  130  112   98   91   86   76   64   55   50   51   60   79  111  148  185
  217  243  267  296  332  371  411  450  487
     2.5-180.0 180.0   5.0 450.0                            LAT/LON1/LON2/DLON/H
  491  527  562  595  624  643  657  663  660  653  644  635  625  615  609  606
  605  599  586  563  535  508  480  454  436  433  435  427  403  375  351  323
  292  278  287  304  317  323  317  301  273  238  211  197  189  178  163  147
  132  116  100   87   82   79   72   62   55   53   55   63   81  112  150  187
  219  244  266  295  332  372  412  453  491
