Examples/data/jplg0790 .16i
     1.0            IONOSPHERE MAPS     GPS                 IONEX VERSION / TYPE
GIM V3.0            JPL - GNISD         22-mar-2016 01:10   PGM / RUN BY / DATE 
JPL'S GLOBAL IONOSPHERE MAPS YEAR 2016 DAY 079              COMMENT             
Global Ionospheric Maps (GIM) are generated on an hourly    DESCRIPTION         
and daily basis at JPL using data from up to 100 GPS sites  DESCRIPTION         
of the IGS and others institutions.                         DESCRIPTION         
The vertical TEC is modeled in a solar-geomagnetic          DESCRIPTION         
reference frame using bi-cubic splines on a spherical grid. DESCRIPTION         
A Kalman filter is used to solve simultaneously for         DESCRIPTION         
instrumental biases and VTEC on the grid (as stochastic     DESCRIPTION         
parameters).                                                DESCRIPTION         
Contact Address:  gpsiono@cobra.jpl.nasa.gov .              DESCRIPTION         
  2016     3    19     0     0     0                        EPOCH OF FIRST MAP  
  2016     3    20     0     0     0                        EPOCH OF LAST MAP   
  7200                                                      INTERVAL            
    13                                                      # OF MAPS IN FILE   
  NONE                                                      MAPPING FUNCTION    
    10.0                                                    ELEVATION CUTOFF    
One-way carrier phase leveled to code                       OBSERVABLES USED    
   170                                                      # OF STATIONS       
    31                                                      # OF SATELLITES     
  6371.0                                                    BASE RADIUS         
     2                                                      MAP DIMENSION       
   450.0 450.0   0.0                                        HGT1 / HGT2 / DHGT  
    87.5 -87.5  -2.5                                        LAT1 / LAT2 / DLAT  
  -180.0 180.0   5.0                                        LON1 / LON2 / DLON  
    -1                                                      EXPONENT            
TEC/RMS values in 0.1 TECU; 9999, if no value available     COMMENT             
                                                            END OF HEADER       
[from data line 3432]
     9                                                      START OF TEC MAP    
  2016     3    19    16     0     0                        EPOCH OF CURRENT MAP
    87.5-180.0 180.0   5.0 450.0                            LAT/LON1/LON2/DLON/H
  111  111  111  111  111  111  111  112  112  112  113  113  114  114  115  115
  116  117  117  118  118  119  119  120  120  120  121  121  121  121  121  122
  122  122  122  122  122  122  122  122  121  121  121  121  121  120  120  120
  120  119  119  118  118  117  117  116  116  115  115  115  114  114  113  113
  112  112  112  111  111  111  111  111  111
    85.0-180.0 180.0   5.0 450.0                            LAT/LON1/LON2/DLON/H
  103  102  102  102  103  103  103  104  104  105  106  107  108  109  111  112
  113  115  116  117  118  120  120  121  122  122  123  123  123  123  123  123
  123  123  122  122  122  122  122  122  122  122  122  122  122  121  121  121
  120  120  119  118  117  116  115  114  113  112  111  110  110  109  108  107
  106  105  105  104  104  103  103  103  103
    82.5-180.0 180.0   5.0 450.0                            LAT/LON1/LON2/DLON/H
   94   94   94   94   94   94   94   95   96   97   98  100  101  103  106  108
  110  113  115  117  119  121  122  123  124  124  124  124  123  122  121  121
  120  119  118  118  118  118  118  118  118  119  119  120  120  120  120  119
  119  118  117  116  115  114  113  111  110  108  107  105  104  103  101  100
   99   98   97   97   96   95   95   94   94
    80.0-180.0 180.0   5.0 450.0                            LAT/LON1/LON2/DLON/H
   87   86   86   86   86   86   86   87   88   89   90   92   94   97  100  104
  108  111  115  118  121  124  126  127  127  127  126  124  123  121  119  117
  115  113  111  110  109  109  109  109  110  111  112  114  115  115  115  115
  115  114  114  112  111  110  108  107  105  103  101   99   98   96   94   93
   92   91   90   89   88   88   87   87   87
    77.5-180.0 180.0   5.0 450.0                            LAT/LON1/LON2/DLON/H
   80   80   80   81   81   81   81   81   82   83   84   86   89   93   97  101
  106  111  117  121  126  129  131  132  132  131  129  127  124  122  119  115
  112  109  106  104  102  100  100  100  100  102  103  105  106  107  108  108
  108  107  106  105  104  103  102  100   98   96   94   92   90   88   87   85
   84   83   82   81   81   80   80   80   80
    75.0-180.0 180.0   5.0 450.0                            LAT/LON1/LON2/DLON/H
   75   76   76   77   77   78   78   79   80   81   82   84   87   91   95  101
  107  114  120  127  132  136  139  140  139  137  135  131  128  124  121  117
  113  110  106  102   99   95   93   92   92   93   94   96   97   98   98   98
   97   96   95   94   94   93   93   92   90   89   87   85   82   80   78   77
   75   74   73   73   73   74   74   75   75
    72.5-180.0 180.0   5.0 450.0                            LAT/LON1/LON2/DLON/H
   71   72   73   74   75   76   77   79   80   81   83   85   88   92   97  103
  110  117  125  133  139  144  147  148  147  144  141  136  132  128  124  121
  118  114  110  106  101   96   92   90   88   88   88   89   89   89   88   86
   84   82   81   81   81   82   82   82   82   80   79   77   75   73   71   69
   67   66   66   66   66   67   68   70   71
    70.0-180.0 180.0   5.0 450.0                            LAT/LON1/LON2/DLON/H
   68   69   70   72   74   76   78   80   82   84   87   89   92   96  101  107
  114  122  130  138  145  150  154  155  153  150  146  142  137  133  130  127
  125  122  118  113  108  102   97   93   90   88   88   87   85   82   79   75
   72   69   67   67   68   70   72   73   73   72   71   70   68   66   64   62
   60   59   59   59   60   62   64   66   68
    67.5-180.0 180.0   5.0 450.0                            LAT/LON1/LON2/DLON/H
   64   66   67   69   71   74   78   81   85   88   91   94   97  101  106  111
  118  125  133  141  148  154  158  159  158  155  151  146  143  139  137  135
  133  130  127  122  117  111  106  102   98   95   92   89   85   80   74   68
   63   58   56   56   57   59   62   64   65   65   64   63   62   60   59   57
   56   55   54   55   56   58   60   63   64
    65.0-180.0 180.0   5.0 450.0                            LAT/LON1/LON2/DLON/H
   62   63   64   65   68   72   77   82   87   91   95   99  102  106  110  115
  120  127  134  141  148  154  157  159  158  156  153  150  147  145  144  143
  142  140  137  133  128  122  118  114  110  106  101   96   90   83   74   66
   58   53   49   49   50   52   54   57   58   59   59   59   58   57   56   55
   53   53   52   53   54   57   59   61   62
    62.5-180.0 180.0   5.0 450.0                            LAT/LON1/LON2/DLON/H
   61   61   61   62   65   69   75   81   87   92   97  101  105  109  113  117
  122  127  133  139  145  150  154  155  156  155  153  152  151  151  151  151
  151  149  146  142  138  133  129  126  123  118  113  106   98   89   79   69
   60   54   49   47   48   49   50   52   54   55   55   56   56   56   56   55
   54   53   53   54   55   57   59   61   61
    60.0-180.0 180.0   5.0 450.0                            LAT/LON1/LON2/DLON/H
   62   61   60   61   63   68   74   81   87   92   97  102  106  111  115  118
  122  125  130  135  140  144  148  150  151  152  153  153  155  157  159  160
  160  158  155  151  147  143  140  138  135  131  125  118  109   98   87   76
   67   59   54   51   50   50   50   51   52   53   54   55   56   57   58   57
   57   56   56   57   58   60   62   62   62
    57.5-180.0 180.0   5.0 450.0                            LAT/LON1/LON2/DLON/H
   64   63   61   62   64   68   74   81   87   92   96  101  106  111  115  119
  121  123  126  130  134  138  141  144  147  149  152  156  160  164  167  169
  169  167  163  159  154  151  149  148  145  142  136  129  119  108   97   86
   76   69   63   60   57   55   54   54   54   55   56   57   59   60   61   62
   61   61   60   61   62   64   65   65   64
    55.0-180.0 180.0   5.0 450.0                            LAT/LON1/LON2/DLON/H
   68   66   64   65   67   72   78   84   89   93   96  100  105  111  116  119
  121  122  123  126  129  132  135  138  142  147  153  159  166  172  176  178
  177  175  170  166  161  158  157  155  153  150  145  138  129  118  107   96
   87   80   75   71   67   65   63   61   61   61   61   62   64   65   66   67
   66   66   65   66   67   69   70   69   68
    52.5-180.0 180.0   5.0 450.0                            LAT/LON1/LON2/DLON/H
   72   69   68   69   72   77   83   90   94   96   98  101  105  111  116  119
  120  121  121  124  126  129  131  134  139  146  155  164  172  179  184  186
  185  181  177  172  167  164  162  161  159  156  152  145  137  126  115  106
   98   91   87   83   80   77   74   72   71   70   69   70   70   71   72   72
   72   71   71   71   72   73   74   73   72
    50.0-180.0 180.0   5.0 450.0                            LAT/LON1/LON2/DLON/H
   75   72   71   72   76   82   90   97  101  103  103  103  106  111  115  119
  120  121  121  123  125  127  129  133  139  147  158  168  178  186  191  192
  190  186  181  176  172  170  168  166  163  160  156  151  143  133  122  113
  106  101   98   96   93   91   88   85   83   81   80   79   78   78   78   78
   77   76   75   75   76   77   78   77   75
    47.5-180.0 180.0   5.0 450.0                            LAT/LON1/LON2/DLON/H
   76   73   72   73   78   86   96  105  110  111  110  108  108  111  115  119
  121  122  123  124  126  128  130  134  140  150  162  173  182  190  194  194
  192  188  184  180  177  175  173  170  167  164  160  155  147  137  127  118
  113  109  107  106  105  103  101   99   96   93   91   88   87   85   84   83
   82   81   80   79   79   80   80   79   76
    45.0-180.0 180.0   5.0 450.0                            LAT/LON1/LON2/DLON/H
   77   72   70   71   77   87  100  112  119  120  118  114  111  111  115  120
  123  125  127  128  130  131  133  138  145  156  167  177  185  191  193  194
  192  189  186  183  182  180  178  176  172  169  164  158  150  140  129  121
  116  114  113  113  113  113  112  110  108  105  102   98   95   93   91   89
   87   85   83   82   82   83   83   81   77
    42.5-180.0 180.0   5.0 450.0                            LAT/LON1/LON2/DLON/H
   76   70   66   66   72   84  100  115  125  129  127  122  117  114  117  122
  128  131  134  135  136  137  140  145  154  164  174  182  187  190  192  192
  191  190  188  187  187  186  185  182  178  173  168  161  152  141  130  121
  117  115  115  115  116  117  119  119  118  115  112  108  104  100   97   94
   91   89   87   86   85   85   84   82   76
    40.0-180.0 180.0   5.0 450.0                            LAT/LON1/LON2/DLON/H
   76   68   62   61   66   78   97  116  130  137  137  132  125  121  123  129
  135  140  143  144  144  145  149  156  165  174  182  188  190  191  191  191
  192  192  193  193  194  194  192  189  184  178  171  163  153  141  128  118
  114  113  113  113  115  118  122  125  125  123  120  116  111  106  102   98
   95   92   90   89   88   88   86   82   76
    37.5-180.0 180.0   5.0 450.0                            LAT/LON1/LON2/DLON/H
   76   68   60   57   60   72   92  114  132  144  148  146  139  134  134  139
  146  151  154  155  155  157  162  170  179  187  194  197  196  195  193  194
  196  199  201  202  203  203  202  197  191  183  174  165  154  140  126  115
  110  109  110  110  112  117  123  127  129  129  126  122  117  112  107  103
   99   95   93   92   92   90   88   83   76
    35.0-180.0 180.0   5.0 450.0                            LAT/LON1/LON2/DLON/H
   78   70   62   56   57   68   88  111  134  151  160  162  158  153  152  156
  161  165  167  168  169  171  177  185  194  202  208  209  207  204  202  202
  206  211  215  216  216  215  212  207  198  188  176  166  155  142  127  116
  111  110  110  109  111  116  122  127  129  130  129  126  121  116  111  106
  102   99   97   96   95   93   89   84   78
    32.5-180.0 180.0   5.0 450.0                            LAT/LON1/LON2/DLON/H
   81   75   67   61   60   67   85  109  134  156  172  180  180  177  176  177
  180  182  183  183  184  188  194  201  209  218  224  226  224  220  218  219
  225  232  236  235  233  231  226  218  206  193  180  170  161  149  136  126
  123  121  117  114  114  118  122  124  126  128  128  127  124  119  115  110
  106  103  101  100   99   95   91   86   81
    30.0-180.0 180.0   5.0 450.0                            LAT/LON1/LON2/DLON/H
   85   81   75   69   66   70   85  107  134  161  182  197  203  202  201  200
  200  200  199  199  202  207  213  218  225  235  244  248  247  245  244  248
  257  266  267  262  256  250  242  231  217  201  187  179  173  166  157  151
  149  145  136  128  125  125  123  121  121  123  126  126  125  122  118  114
  111  108  105  104  102   97   92   88   85
    27.5-180.0 180.0   5.0 450.0                            LAT/LON1/LON2/DLON/H
   89   87   83   78   73   75   86  107  134  162  189  210  222  225  224  222
  221  220  218  217  221  227  232  235  242  255  268  275  277  278  280  290
  305  315  312  298  285  274  263  250  234  217  203  196  196  196  194  194
  194  184  166  150  142  137  130  122  119  121  124  127  127  125  122  119
  116  114  110  107  104   99   94   90   89
    25.0-180.0 180.0   5.0 450.0                            LAT/LON1/LON2/DLON/H
   92   92   89   85   81   80   88  107  133  163  192  218  235  243  243  241
  241  240  237  236  240  246  250  252  260  277  295  307  314  320  329  347
  370  382  369  341  319  304  290  274  258  242  229  226  231  239  245  250
  248  231  203  179  166  157  144  130  123  124  127  131  133  132  129  126
  124  120  115  110  106  100   95   92   92
    22.5-180.0 180.0   5.0 450.0                            LAT/LON1/LON2/DLON/H
   94   94   93   91   87   86   92  109  134  163  194  222  243  254  256  256
  259  260  258  256  259  264  266  269  280  302  327  345  357  371  390  418
  447  457  432  390  358  338  323  307  292  278  269  268  277  289  300  306
  302  278  242  212  196  184  167  150  139  137  138  142  144  144  141  137
  132  127  120  113  107  101   96   94   94
    20.0-180.0 180.0   5.0 450.0                            LAT/LON1/LON2/DLON/H
   94   94   93   93   92   92   98  113  137  166  197  226  249  262  265  268
  275  281  280  278  277  278  280  285  302  331  364  387  405  426  454  490
  524  530  493  438  398  377  362  348  336  326  318  317  326  339  350  354
  344  314  275  244  229  217  200  182  169  161  158  160  162  161  157  150
  142  133  123  114  108  102   97   94   94
    17.5-180.0 180.0   5.0 450.0                            LAT/LON1/LON2/DLON/H
   92   91   91   93   94   97  105  121  145  173  203  232  255  269  274  280
  292  303  304  300  296  292  293  303  326  363  402  431  453  479  514  554
  588  589  542  479  436  418  406  395  386  378  371  369  373  382  386  381
  363  331  297  274  263  253  239  222  205  191  183  181  182  181  175  165
  153  139  126  115  108  103   97   93   92
    15.0-180.0 180.0   5.0 450.0                            LAT/LON1/LON2/DLON/H
   88   87   88   91   96  102  113  132  158  186  215  243  264  278  285  296
  313  327  330  324  316  308  309  323  353  396  440  471  495  524  561  600
  628  621  570  507  470  458  451  443  436  429  422  416  414  411  402  384
  359  330  309  298  292  285  274  260  241  221  206  201  201  199  192  179
  161  142  127  115  108  103   97   91   88
    12.5-180.0 180.0   5.0 450.0                            LAT/LON1/LON2/DLON/H
   83   83   85   89   96  106  121  143  172  202  232  258  278  291  302  317
  337  353  357  351  339  329  331  349  384  430  474  505  528  555  588  619
  637  624  575  523  497  493  492  487  481  475  465  455  443  426  401  370
  339  318  312  315  314  307  298  288  268  243  223  215  214  212  203  187
  165  143  126  114  108  104   96   87   83
    10.0-180.0 180.0   5.0 450.0                            LAT/LON1/LON2/DLON/H
   78   79   82   86   95  108  127  153  185  218  249  275  295  309  325  345
  367  382  386  379  367  358  362  383  418  462  503  530  549  570  596  616
  623  607  567  529  516  521  524  522  517  509  497  482  461  430  390  348
  315  302  311  325  324  312  304  297  279  250  227  219  218  215  205  187
  163  140  123  112  108  104   94   83   78
     7.5-180.0 180.0   5.0 450.0                            LAT/LON1/LON2/DLON/H
   75   76   80   84   93  108  130  160  195  232  265  293  312  329  351  376
  398  412  415  409  400  395  401  422  455  492  524  545  558  573  590  600
  598  581  552  530  529  539  545  545  541  531  515  495  468  426  374  326
  295  292  312  327  319  299  289  286  271  242  218  211  211  207  197  178
  155  134  118  109  107  103   93   81   75
     5.0-180.0 180.0   5.0 450.0                            LAT/LON1/LON2/DLON/H
   75   76   80   84   93  109  132  163  200  239  276  307  330  351  377  406
  428  440  442  438  433  433  442  462  488  516  539  551  558  566  576  579
  573  559  542  533  537  547  552  554  550  538  518  495  462  414  357  311
  288  293  314  324  303  272  259  259  249  223  202  196  197  193  182  164
  143  124  111  105  105  103   93   81   75
     2.5-180.0 180.0   5.0 450.0                            LAT/LON1/LON2/DLON/H
   79   80   83   87   95  111  134  164  201  242  282  318  346  372  401  431
  453  463  466  464  464  468  479  496  514  532  545  550  551  554  559  561
  557  551  543  539  541  545  547  549  545  528  504  477  444  395  342  302
  289  298  315  313  280  238  221  225  220  198  180  178  180  176  164  148
  130  115  105  102  103  103   95   85   79
