Examples/jprg0790 .16i
     1.0            IONOSPHERE MAPS     GPS                 IONEX VERSION / TYPE
GIM V3.0            JPL - GNISD         20-mar-2016 06:37   PGM / RUN BY / DATE 
JPL'S GLOBAL IONOSPHERE MAPS YEAR 2016 DAY 079              COMMENT             
Global Ionospheric Maps (GIM) are generated on an hourly    DESCRIPTION         
and daily basis at JPL using data from up to 100 GPS sites  DESCRIPTION         
of the IGS and others institutions.                         DESCRIPTION         
The vertical TEC is modeled in a solar-geomagnetic          DESCRIPTION         
reference frame using bi-cubic splines on a spherical grid. DESCRIPTION         
A Kalman filter is used to solve simultaneously for         DESCRIPTION         
instrumental biases and VTEC on the grid (as stochastic     DESCRIPTION         
parameters).                                                DESCRIPTION         
Contact Address:  gpsiono@cobra.jpl.nasa.gov .              DESCRIPTION         
  2016     3    19     0     0     0                        EPOCH OF FIRST MAP  
  2016     3    20     0     0     0                        EPOCH OF LAST MAP   
  7200                                                      INTERVAL            
    13                                                      # OF MAPS IN FILE   
  NONE                                                      MAPPING FUNCTION    
    10.0                                                    ELEVATION CUTOFF    
One-way carrier phase leveled to code                       OBSERVABLES USED    
   170                                                      # OF STATIONS       
    31                                                      # OF SATELLITES     
  6371.0                                                    BASE RADIUS         
     2                                                      MAP DIMENSION       
   450.0 450.0   0.0                                        HGT1 / HGT2 / DHGT  
    87.5 -87.5  -2.5                                        LAT1 / LAT2 / DLAT  
  -180.0 180.0   5.0                                        LON1 / LON2 / DLON  
    -1                                                      EXPONENT            
TEC/RMS values in 0.1 TECU; 9999, if no value available     COMMENT             
                                                            END OF HEADER       
[from data line 1716]
     5                                                      START OF TEC MAP    
  2016     3    19     8     0     0                        EPOCH OF CURRENT MAP
    87.5-180.0 180.0   5.0 450.0                            LAT/LON1/LON2/DLON/H
  140  141  142  143  144  145  146  147  147  148  148  148  149  149  149  149
  149  148  148  148  148  148  148  148  148  148  148  148  149  149  149  150
  150  150  151  151  152  152  152  152  152  152  152  151  151  150  150  149
  148  147  146  145  143  142  141  140  138  137  136  136  135  134  134  134
  134  134  135  135  136  137  138  139  140
    85.0-180.0 180.0   5.0 450.0                            LAT/LON1/LON2/DLON/H
  130  133  135  138  141  143  145  146  147  148  148  148  148  147  146  146
  144  143  142  141  140  139  139  138  138  138  138  138  139  140  141  142
  143  144  145  147  148  150  151  153  154  155  155  156  156  155  154  153
  151  148  146  143  139  136  132  129  126  122  120  117  115  114  113  113
  113  114  115  117  119  122  124  127  130
    82.5-180.0 180.0   5.0 450.0                            LAT/LON1/LON2/DLON/H
  117  121  126  130  133  137  139  142  143  144  144  143  142  140  139  136
  134  132  130  128  126  124  123  122  121  121  121  121  122  122  124  125
  127  129  132  134  137  140  143  146  149  152  155  157  159  159  159  158
  156  153  149  144  138  132  126  120  114  108  103   99   95   93   91   91
   91   92   94   97  100  104  108  112  117
    80.0-180.0 180.0   5.0 450.0                            LAT/LON1/LON2/DLON/H
  102  108  113  118  122  126  130  133  134  135  135  134  132  129  126  122
  119  116  113  110  107  105  104  103  102  101  101  102  103  104  105  107
  110  112  115  119  123  127  131  136  141  146  151  155  159  162  164  164
  163  160  155  149  142  134  126  117  109  101   94   87   82   79   76   75
   75   75   77   80   83   88   92   97  102
    77.5-180.0 180.0   5.0 450.0                            LAT/LON1/LON2/DLON/H
   88   93   99  104  109  114  118  121  123  124  124  122  119  115  111  107
  102   98   94   90   88   86   85   84   84   84   84   85   86   88   90   92
   95   98  101  105  110  115  120  126  132  139  146  153  159  164  169  171
  171  170  165  159  151  142  133  123  114  105   97   89   83   78   75   72
   70   70   70   71   73   76   80   84   88
    75.0-180.0 180.0   5.0 450.0                            LAT/LON1/LON2/DLON/H
   77   81   86   91   96  102  106  110  112  114  113  111  107  103   97   91
   86   81   76   73   70   69   68   68   68   69   70   72   73   75   78   80
   83   87   91   95  100  105  111  118  125  134  142  151  160  168  175  180
  182  182  179  174  166  157  147  138  128  120  111  104   98   93   88   84
   80   78   75   74   73   72   73   75   77
    72.5-180.0 180.0   5.0 450.0                            LAT/LON1/LON2/DLON/H
   71   73   76   80   86   91   96  100  103  105  104  102   98   93   86   80
   73   68   63   60   57   56   55   55   57   58   60   62   64   67   70   72
   76   79   83   88   93   99  105  113  122  131  142  153  164  174  184  191
  195  197  195  190  183  175  165  157  148  141  134  127  122  116  111  105
  100   95   90   85   81   77   73   72   71
    70.0-180.0 180.0   5.0 450.0                            LAT/LON1/LON2/DLON/H
   70   69   70   73   78   83   88   92   96   98   98   96   92   87   81   74
   67   62   57   53   49   48   47   48   49   51   54   57   60   63   66   69
   72   75   79   84   89   95  103  112  122  133  145  157  170  183  194  203
  209  212  211  207  200  192  184  176  170  164  158  153  148  143  137  131
  124  117  109  101   93   86   79   73   70
    67.5-180.0 180.0   5.0 450.0                            LAT/LON1/LON2/DLON/H
   73   69   68   70   73   77   81   86   90   92   93   92   90   85   80   75
   69   64   58   53   49   46   45   45   47   49   53   56   59   63   65   68
   71   75   79   83   89   96  104  114  125  138  151  165  179  193  205  215
  222  225  225  221  215  208  201  194  189  184  180  176  172  167  162  155
  147  139  129  119  109   98   88   79   73
    65.0-180.0 180.0   5.0 450.0                            LAT/LON1/LON2/DLON/H
   78   72   69   69   70   73   76   80   84   87   89   90   89   87   84   81
   77   72   67   61   55   51   49   49   50   52   55   59   62   65   68   71
   74   77   81   85   91   99  108  119  131  145  159  174  189  203  216  226
  233  236  236  232  226  219  213  207  203  199  196  193  189  185  179  172
  165  156  147  136  124  112   99   87   78
    62.5-180.0 180.0   5.0 450.0                            LAT/LON1/LON2/DLON/H
   86   77   72   70   69   70   72   74   77   81   84   86   88   89   89   89
   87   84   79   72   66   61   58   56   56   58   60   64   67   70   72   75
   78   81   85   90   96  105  115  126  139  153  168  183  198  213  225  235
  241  244  243  239  233  227  222  217  213  210  207  204  200  196  190  183
  176  168  160  151  140  127  112   98   86
    60.0-180.0 180.0   5.0 450.0                            LAT/LON1/LON2/DLON/H
   96   85   78   74   71   69   68   68   70   73   76   80   84   88   93   95
   96   94   90   84   77   71   67   64   63   64   65   68   71   73   76   78
   81   85   89   95  102  111  122  134  147  161  176  191  206  220  232  241
  246  248  247  243  238  233  228  224  221  218  214  211  207  202  196  190
  183  177  171  164  154  142  127  110   96
    57.5-180.0 180.0   5.0 450.0                            LAT/LON1/LON2/DLON/H
  108   96   87   81   75   70   66   63   63   65   68   72   78   84   91   97
  100  100   97   91   85   79   74   70   68   67   68   69   71   74   76   80
   84   89   95  101  109  119  130  142  155  168  182  197  212  227  238  246
  251  252  250  247  242  238  234  231  227  224  220  216  211  206  200  194
  188  184  180  176  169  157  142  124  108
    55.0-180.0 180.0   5.0 450.0                            LAT/LON1/LON2/DLON/H
  122  108   98   90   82   73   66   60   58   58   60   64   70   78   86   92
   96   98   95   91   85   80   75   71   68   66   66   66   68   71   75   80
   86   93  100  107  116  127  138  150  162  173  186  201  217  232  244  251
  255  255  253  250  247  243  241  238  235  231  226  221  215  209  203  197
  192  189  187  186  181  172  157  139  122
    52.5-180.0 180.0   5.0 450.0                            LAT/LON1/LON2/DLON/H
  136  122  111  101   91   79   68   60   56   55   55   58   63   70   78   84
   88   89   88   84   79   74   70   67   63   61   60   60   62   66   72   79
   88   96  105  113  123  134  146  158  168  179  191  205  221  237  249  256
  259  259  257  255  252  250  248  246  243  238  232  226  219  212  206  200
  196  193  193  193  191  185  172  154  136
    50.0-180.0 180.0   5.0 450.0                            LAT/LON1/LON2/DLON/H
  151  135  123  113  102   87   74   64   59   56   55   56   58   63   69   74
   78   79   78   74   70   66   62   60   57   54   53   53   56   61   70   79
   90  100  110  119  129  141  153  165  175  185  195  210  226  243  255  262
  265  264  262  260  258  257  256  254  250  244  237  230  223  216  209  203
  199  197  197  198  198  194  184  169  151
    47.5-180.0 180.0   5.0 450.0                            LAT/LON1/LON2/DLON/H
  164  147  134  124  112   97   82   71   65   62   60   58   58   59   63   66
   69   70   68   65   61   58   55   54   51   49   47   47   51   58   69   81
   93  105  115  125  135  147  160  172  182  190  201  215  232  249  262  269
  271  270  267  266  264  262  261  258  254  248  241  233  225  218  212  207
  203  200  200  201  202  202  195  182  164
    45.0-180.0 180.0   5.0 450.0                            LAT/LON1/LON2/DLON/H
  174  156  143  134  123  108   91   80   73   70   67   64   61   60   60   61
   64   65   64   61   57   54   53   52   51   49   46   46   50   59   71   85
   98  110  121  131  141  153  165  177  187  197  208  222  240  257  270  277
  278  275  272  270  267  265  262  259  255  249  241  233  226  220  214  210
  206  204  202  202  204  206  203  192  174
    42.5-180.0 180.0   5.0 450.0                            LAT/LON1/LON2/DLON/H
  180  161  148  142  133  119  103   90   83   80   76   72   68   64   61   61
   64   67   67   64   60   58   57   57   56   54   51   50   53   62   76   91
  104  116  126  136  146  157  169  181  192  203  215  230  248  265  278  284
  284  281  277  273  268  264  259  255  251  245  239  232  225  220  216  213
  210  207  205  203  204  207  207  198  180
    40.0-180.0 180.0   5.0 450.0                            LAT/LON1/LON2/DLON/H
  179  162  151  147  141  129  114  101   93   89   86   83   78   72   67   65
   69   73   74   72   68   67   67   68   68   65   61   57   58   67   81   96
  109  121  131  141  150  160  171  184  197  210  224  240  258  274  286  291
  290  286  281  276  270  263  256  251  246  242  236  230  225  221  218  216
  215  212  208  204  203  204  204  196  179
    37.5-180.0 180.0   5.0 450.0                            LAT/LON1/LON2/DLON/H
  172  157  149  148  146  136  122  109  100   97   97   97   93   85   76   73
   77   82   84   83   80   79   80   81   81   78   72   66   65   72   86  101
  113  124  135  145  154  163  174  187  202  218  234  251  269  284  295  300
  299  295  290  285  278  270  262  254  247  242  236  231  226  224  223  222
  222  220  214  207  201  198  194  186  172
    35.0-180.0 180.0   5.0 450.0                            LAT/LON1/LON2/DLON/H
  161  150  144  144  144  137  124  112  104  102  106  111  110  101   91   85
   86   91   94   94   93   92   94   95   95   92   84   75   71   77   88  102
  115  126  138  149  158  168  178  193  209  227  245  264  282  297  308  313
  315  313  310  306  300  292  281  270  259  249  242  236  232  231  231  232
  233  231  225  214  203  193  184  174  161
    32.5-180.0 180.0   5.0 450.0                            LAT/LON1/LON2/DLON/H
  156  144  137  136  135  129  119  109  103  103  112  123  126  118  106   97
   96   99  103  104  103  103  105  106  106  102   93   83   76   79   89  101
  114  127  140  153  163  173  185  200  219  239  259  279  298  315  328  337
  342  345  346  345  342  335  323  306  286  269  256  248  244  243  244  246
  248  247  241  229  213  196  181  168  156
    30.0-180.0 180.0   5.0 450.0                            LAT/LON1/LON2/DLON/H
  164  148  136  129  124  116  107   99   95   98  112  128  137  131  118  108
  103  104  108  110  110  111  113  114  113  109  100   88   80   80   88   99
  113  128  143  157  169  181  194  212  232  253  275  296  318  339  357  374
  387  396  403  407  407  401  387  361  329  300  280  268  263  262  263  265
  268  270  265  253  235  213  194  178  164
    27.5-180.0 180.0   5.0 450.0                            LAT/LON1/LON2/DLON/H
  192  168  147  131  118  106   95   87   83   87  103  124  136  135  125  114
  107  106  110  113  115  116  118  119  118  113  104   92   83   81   86   98
  113  130  147  163  177  190  206  226  248  270  293  317  344  372  400  426
  448  464  475  481  483  478  461  426  380  339  311  295  289  288  289  290
  293  297  296  288  272  252  232  213  192
    25.0-180.0 180.0   5.0 450.0                            LAT/LON1/LON2/DLON/H
  245  209  176  150  127  106   89   78   72   74   87  107  122  126  121  113
  106  104  108  114  117  119  121  122  121  116  106   94   84   81   86   97
  114  133  152  169  185  201  219  242  266  289  314  342  375  412  451  488
  517  536  548  554  555  549  530  489  433  382  348  330  322  321  321  321
  323  329  332  329  319  306  293  275  245
    22.5-180.0 180.0   5.0 450.0                            LAT/LON1/LON2/DLON/H
  313  267  227  193  160  126   99   81   69   64   71   86   99  106  109  106
   99   98  103  111  117  120  123  125  123  117  107   95   85   81   86   98
  116  138  158  178  195  213  234  259  285  310  336  369  408  453  501  546
  579  598  608  610  608  601  582  540  480  426  390  371  363  362  360  357
  357  362  368  371  369  367  363  348  313
    20.0-180.0 180.0   5.0 450.0                            LAT/LON1/LON2/DLON/H
  380  331  291  256  216  171  131  101   80   66   63   69   79   87   94   96
   91   89   97  107  116  121  125  127  125  118  107   95   86   82   87  100
  121  144  166  187  206  227  250  277  304  331  359  394  438  488  541  589
  621  637  640  635  628  621  605  568  515  466  434  417  411  410  406  398
  393  395  401  408  413  421  428  418  380
    17.5-180.0 180.0   5.0 450.0                            LAT/LON1/LON2/DLON/H
  433  388  356  329  287  233  182  142  110   87   73   69   72   79   88   91
   86   85   93  105  115  122  127  130  127  119  107   95   86   83   89  104
  126  151  175  198  219  241  267  294  322  349  378  414  458  509  561  606
  632  640  635  624  614  610  603  580  541  503  478  464  460  459  453  440
  429  425  428  434  444  457  471  467  433
    15.0-180.0 180.0   5.0 450.0                            LAT/LON1/LON2/DLON/H
  456  426  412  398  360  302  244  195  157  128  107   94   89   92   98   99
   92   89   97  109  119  126  131  134  130  120  107   95   87   85   92  108
  133  160  185  209  232  256  281  309  337  363  391  426  467  512  557  593
  613  614  604  591  581  584  590  583  561  537  519  508  506  504  495  477
  460  450  447  451  458  469  481  480  456
    12.5-180.0 180.0   5.0 450.0                            LAT/LON1/LON2/DLON/H
  448  438  448  453  423  366  304  251  210  180  159  144  135  132  131  126
  114  107  113  123  130  134  137  139  134  122  108   96   89   87   95  114
  140  168  195  219  243  267  293  319  346  371  397  427  462  498  534  562
  575  573  563  551  546  557  576  586  581  568  554  544  541  538  525  504
  483  468  461  459  460  461  464  461  448
    10.0-180.0 180.0   5.0 450.0                            LAT/LON1/LON2/DLON/H
  422  431  463  485  465  412  352  299  260  235  218  206  197  190  184  172
  155  144  145  149  149  147  147  146  139  126  111   99   92   91  100  120
  147  176  203  227  251  275  298  323  347  371  395  421  448  476  503  524
  534  533  526  519  522  544  576  599  603  595  581  568  561  554  538  515
  493  478  469  463  457  444  433  426  422
     7.5-180.0 180.0   5.0 450.0                            LAT/LON1/LON2/DLON/H
  396  422  470  503  488  438  379  330  297  280  271  267  262  253  242  225
  204  190  188  186  176  166  160  154  145  130  114  103   96   95  104  125
  153  181  207  231  254  276  297  318  342  365  387  409  431  453  474  492
  503  507  509  510  522  553  595  624  630  618  598  577  563  551  532  508
  489  479  473  467  454  428  403  392  396
     5.0-180.0 180.0   5.0 450.0                            LAT/LON1/LON2/DLON/H
  386  423  479  515  500  448  389  341  313  305  308  313  314  306  292  272
  251  236  231  222  204  184  172  162  149  133  118  106   99   98  108  130
  158  184  208  230  251  270  289  309  331  354  375  395  415  436  458  477
  492  503  512  522  540  577  622  652  653  633  603  573  552  534  511  487
  473  472  474  472  457  424  390  376  386
     2.5-180.0 180.0   5.0 450.0                            LAT/LON1/LON2/DLON/H
  407  447  500  531  509  452  390  340  315  312  322  335  342  336  321  303
  283  270  264  251  225  199  180  166  151  135  120  108  100  100  110  132
  159  183  204  224  243  261  278  297  319  342  363  382  403  429  456  479
  497  513  527  542  564  603  648  673  666  637  597  558  528  505  479  456
  449  459  470  474  462  431  399  390  407
