Examples/jprg0790 .16i
     1.0            IONOSPHERE MAPS     GPS                 IONEX VERSION / TYPE
GIM V3.0            JPL - GNISD         20-mar-2016 06:37   PGM / RUN BY / DATE 
JPL'S GLOBAL IONOSPHERE MAPS YEAR 2016 DAY 079              COMMENT             
Global Ionospheric Maps (GIM) are generated on an hourly    DESCRIPTION         
and daily basis at JPL using data from up to 100 GPS sites  DESCRIPTION         
of the IGS and others institutions.                         DESCRIPTION         
The vertical TEC is modeled in a solar-geomagnetic          DESCRIPTION         
reference frame using bi-cubic splines on a spherical grid. DESCRIPTION         
A Kalman filter is used to solve simultaneously for         DESCRIPTION         
instrumental biases and VTEC on the grid (as stochastic     DESCRIPTION         
parameters).                                                DESCRIPTION         
Contact Address:  gpsiono@cobra.jpl.nasa.gov .              DESCRIPTION         
  2016     3    19     0     0     0                        EPOCH OF FIRST MAP  
  2016     3    20     0     0     0                        EPOCH OF LAST MAP   
  7200                                                      INTERVAL            
    13                                                      # OF MAPS IN FILE   
  NONE                                                      MAPPING FUNCTION    
    10.0                                                    ELEVATION CUTOFF    
One-way carrier phase leveled to code                       OBSERVABLES USED    
   170                                                      # OF STATIONS       
    31                                                      # OF SATELLITES     
  6371.0                                                    BASE RADIUS         
     2                                                      MAP DIMENSION       
   450.0 450.0   0.0                                        HGT1 / HGT2 / DHGT  
    87.5 -87.5  -2.5                                        LAT1 / LAT2 / DLAT  
  -180.0 180.0   5.0                                        LON1 / LON2 / DLON  
    -1                                                      EXPONENT            
TEC/RMS values in 0.1 TECU; 9999, if no value available     COMMENT             
                                                            END OF HEADER       
[from data line 1287]
     4                                                      START OF TEC MAP    
  2016     3    19     6     0     0                        EPOCH OF CURRENT MAP
    87.5-180.0 180.0   5.0 450.0                            LAT/LON1/LON2/DLON/H
  113  113  113  112  112  112  111  111  111  110  110  110  109  109  108  108
  108  107  107  106  106  105  105  104  104  104  103  103  103  103  103  103
  103  103  104  104  104  105  105  106  107  107  108  109  109  110  111  112
  112  113  114  114  115  115  115  116  116  116  116  116  116  116  116  116
  116  115  115  115  114  114  114  113  113
    85.0-180.0 180.0   5.0 450.0                            LAT/LON1/LON2/DLON/H
  111  111  111  111  110  110  110  110  110  110  110  110  109  108  108  107
  106  105  104  103  101  100   99   98   97   96   96   95   95   95   94   95
   95   95   96   97   98   99  100  101  103  105  106  108  110  111  113  114
  116  117  118  120  120  121  122  122  122  122  122  122  121  121  120  119
  118  117  116  115  114  113  113  112  111
    82.5-180.0 180.0   5.0 450.0                            LAT/LON1/LON2/DLON/H
  105  105  105  105  105  106  107  108  109  109  109  110  109  109  108  106
  105  103  102  100   98   96   94   92   91   90   88   88   87   87   87   87
   87   88   89   90   92   94   96   98  100  103  105  108  111  113  116  118
  121  123  125  126  127  128  129  129  129  129  128  127  126  125  123  121
  119  117  115  113  111  109  107  106  105
    80.0-180.0 180.0   5.0 450.0                            LAT/LON1/LON2/DLON/H
   97   96   96   96   97   99  101  103  105  107  108  109  109  109  108  106
  104  102   99   97   94   91   89   87   85   83   82   81   80   80   80   80
   81   82   83   85   87   89   92   95   98  102  105  109  113  116  120  123
  127  129  132  134  135  136  137  137  136  135  134  133  131  128  125  123
  119  116  113  109  106  103  101   99   97
    77.5-180.0 180.0   5.0 450.0                            LAT/LON1/LON2/DLON/H
   90   88   87   87   87   89   92   95   98  101  104  106  107  107  106  105
  102  100   96   93   90   87   84   82   80   78   76   75   75   74   74   75
   75   76   78   80   83   86   89   93   97  101  106  110  115  120  124  128
  132  136  139  141  143  144  144  144  143  142  140  138  135  132  129  126
  122  117  113  109  104  100   96   93   90
    75.0-180.0 180.0   5.0 450.0                            LAT/LON1/LON2/DLON/H
   87   82   79   78   78   79   81   84   88   92   96  100  102  103  103  101
   99   96   93   89   85   82   79   77   75   73   72   71   70   69   69   69
   70   72   74   76   79   83   87   91   96  100  105  111  116  122  127  132
  137  142  146  148  150  151  151  151  149  147  145  143  140  138  134  131
  127  123  119  114  109  103   98   92   87
    72.5-180.0 180.0   5.0 450.0                            LAT/LON1/LON2/DLON/H
   91   83   77   72   69   69   70   73   77   82   87   91   94   97   97   97
   95   92   89   85   81   78   75   72   70   69   68   67   66   65   65   65
   66   67   69   72   76   80   84   88   93   98  104  110  116  122  129  135
  141  147  152  155  158  159  159  157  156  153  151  149  146  144  142  139
  136  134  130  126  121  114  107   99   91
    70.0-180.0 180.0   5.0 450.0                            LAT/LON1/LON2/DLON/H
  101   90   80   72   66   62   61   63   66   71   76   81   85   88   90   90
   90   87   84   81   77   74   71   68   67   66   66   66   65   63   62   61
   61   63   65   68   72   76   81   85   90   95  100  107  114  121  129  137
  145  152  158  163  166  167  166  165  163  160  157  155  153  151  149  148
  147  146  144  141  137  130  122  112  101
    67.5-180.0 180.0   5.0 450.0                            LAT/LON1/LON2/DLON/H
  115  101   88   76   67   60   56   55   57   61   66   71   76   79   82   84
   84   82   80   77   74   70   67   65   64   64   64   65   64   63   61   59
   58   58   60   64   68   73   77   81   85   90   96  103  111  120  130  139
  149  157  165  170  174  175  175  173  171  168  165  162  160  158  157  157
  158  158  158  157  154  148  139  128  115
    65.0-180.0 180.0   5.0 450.0                            LAT/LON1/LON2/DLON/H
  128  113   98   83   71   61   55   52   52   55   59   63   67   71   74   77
   78   78   76   74   71   68   65   63   62   62   63   65   65   63   60   57
   55   54   56   60   64   69   73   77   81   86   92  100  110  121  132  143
  154  164  173  179  184  185  185  183  181  177  173  170  167  165  164  164
  166  167  169  169  167  162  154  142  128
    62.5-180.0 180.0   5.0 450.0                            LAT/LON1/LON2/DLON/H
  139  124  108   92   77   65   57   52   51   52   54   57   60   64   67   70
   72   73   72   71   68   65   63   61   60   61   63   64   65   63   59   55
   52   51   52   55   60   65   70   74   79   84   91  100  111  124  137  150
  163  173  182  189  194  196  196  195  192  187  183  179  175  172  170  170
  170  172  173  174  173  170  163  152  139
    60.0-180.0 180.0   5.0 450.0                            LAT/LON1/LON2/DLON/H
  144  131  116  100   85   72   62   56   53   53   53   54   56   58   61   64
   66   68   68   67   66   63   61   60   59   60   62   64   64   62   58   53
   49   47   48   52   57   63   69   74   79   84   92  103  117  132  147  161
  173  184  194  201  205  208  208  206  203  199  194  188  183  179  175  173
  173  173  174  174  173  170  164  156  144
    57.5-180.0 180.0   5.0 450.0                            LAT/LON1/LON2/DLON/H
  146  135  122  108   93   80   69   62   58   56   55   54   53   54   55   58
   60   62   64   64   63   62   60   58   58   59   60   62   62   59   54   48
   44   43   45   49   55   63   70   76   82   89   98  111  126  143  158  173
  186  197  205  212  217  219  220  219  216  211  206  199  192  186  181  177
  174  172  171  171  170  167  162  155  146
    55.0-180.0 180.0   5.0 450.0                            LAT/LON1/LON2/DLON/H
  147  139  128  116  102   89   77   69   64   60   57   54   52   51   51   52
   54   57   59   60   60   59   58   57   57   57   58   59   58   55   49   43
   40   39   42   48   55   64   74   82   89   97  108  121  138  155  171  186
  198  209  217  223  227  229  230  230  228  224  218  211  203  195  188  181
  176  172  169  167  166  163  160  154  147
    52.5-180.0 180.0   5.0 450.0                            LAT/LON1/LON2/DLON/H
  150  144  136  125  113   99   87   77   70   65   60   56   52   49   47   47
   49   51   54   56   57   57   57   56   56   56   56   56   54   50   44   39
   36   37   41   48   58   69   80   90   99  108  118  132  149  166  183  197
  209  219  227  232  236  238  240  241  240  237  231  223  214  204  195  187
  180  174  169  166  164  162  159  155  150
    50.0-180.0 180.0   5.0 450.0                            LAT/LON1/LON2/DLON/H
  156  151  145  136  125  111   98   86   77   70   64   58   53   49   45   44
   45   47   50   53   55   56   57   57   56   56   55   54   51   47   42   37
   35   37   43   51   62   75   88  100  110  119  129  143  159  176  191  206
  218  228  235  241  244  246  249  251  251  248  242  234  224  214  203  194
  185  177  172  169  168  166  164  161  156
    47.5-180.0 180.0   5.0 450.0                            LAT/LON1/LON2/DLON/H
  167  162  156  148  138  125  110   95   84   75   68   62   56   51   46   44
   43   46   49   53   56   58   59   59   59   59   57   55   52   47   43   39
   38   41   47   55   67   81   96  110  120  130  139  151  165  181  197  211
  224  234  242  247  250  253  255  258  259  256  250  242  232  221  211  200
  190  182  177  175  174  174  173  171  167
    45.0-180.0 180.0   5.0 450.0                            LAT/LON1/LON2/DLON/H
  178  173  168  162  154  141  123  105   90   80   73   67   62   56   50   47
   46   48   51   55   59   62   64   65   66   65   63   60   56   52   48   45
   45   47   52   61   72   87  103  118  129  139  147  157  170  185  200  214
  227  239  248  253  256  258  261  263  263  260  254  246  236  226  216  205
  196  188  183  182  182  184  184  182  178
    42.5-180.0 180.0   5.0 450.0                            LAT/LON1/LON2/DLON/H
  189  183  178  175  170  158  138  115   97   86   79   74   69   63   57   53
   52   54   57   62   67   71   74   76   76   75   72   68   64   60   56   54
   53   54   58   66   77   92  108  123  136  145  154  163  174  187  202  216
  230  242  252  258  262  263  265  266  265  261  254  245  237  228  219  210
  201  193  189  188  190  192  193  192  189
    40.0-180.0 180.0   5.0 450.0                            LAT/LON1/LON2/DLON/H
  195  188  183  183  183  173  151  124  104   93   87   83   79   73   67   63
   61   62   66   71   77   82   86   89   90   88   84   79   73   69   65   62
   60   61   64   70   81   95  111  127  140  151  159  167  177  190  204  218
  232  245  257  265  269  271  271  270  267  261  253  244  236  228  221  214
  207  199  194  193  195  197  199  199  195
    37.5-180.0 180.0   5.0 450.0                            LAT/LON1/LON2/DLON/H
  193  185  180  184  188  181  158  130  109   99   96   94   90   85   80   75
   73   73   77   82   88   94   99  102  103  101   96   89   82   77   72   69
   66   65   67   73   82   96  112  128  143  154  164  172  181  194  208  221
  235  249  264  275  282  285  285  282  276  267  256  247  238  232  227  222
  216  208  202  199  198  199  200  199  193
    35.0-180.0 180.0   5.0 450.0                            LAT/LON1/LON2/DLON/H
  186  174  167  172  180  178  158  132  112  105  105  105  103   99   94   90
   86   85   87   92   98  104  110  114  116  113  106   98   89   82   77   72
   68   67   69   74   83   97  113  130  145  157  167  176  187  200  214  227
  241  259  278  295  306  312  312  306  296  282  268  256  248  243  240  237
  231  222  213  207  204  201  199  195  186
    32.5-180.0 180.0   5.0 450.0                            LAT/LON1/LON2/DLON/H
  179  160  147  149  158  161  149  128  112  108  111  114  114  113  109  104
   99   97   97  100  105  111  117  122  124  121  113  103   92   84   77   72
   68   67   69   74   84   97  114  131  146  160  171  182  194  209  224  238
  254  275  302  326  345  354  355  346  331  312  293  278  268  263  262  261
  254  242  230  222  215  209  202  194  179
    30.0-180.0 180.0   5.0 450.0                            LAT/LON1/LON2/DLON/H
  180  153  132  127  132  137  131  118  108  107  112  118  122  123  121  116
  110  106  105  106  110  115  120  126  128  125  117  106   94   84   77   71
   67   66   68   74   83   98  115  132  148  163  176  188  204  221  238  255
  274  302  338  373  399  414  414  401  380  355  330  310  298  294  295  295
  286  271  257  247  237  226  214  200  180
    27.5-180.0 180.0   5.0 450.0                            LAT/LON1/LON2/DLON/H
  197  164  135  120  117  119  116  108  100   99  106  116  124  128  128  123
  116  111  109  109  111  115  121  127  131  129  120  109   96   85   76   70
   65   64   66   73   83   99  117  135  151  167  182  198  216  237  258  278
  302  337  383  428  461  479  478  462  435  403  373  350  336  331  335  336
  325  306  291  282  272  256  239  221  197
    25.0-180.0 180.0   5.0 450.0                            LAT/LON1/LON2/DLON/H
  236  203  168  143  129  123  117  107   96   91   96  107  118  125  127  122
  115  110  109  109  112  116  122  129  134  133  125  114  100   88   78   70
   65   63   65   72   83  100  119  138  156  173  191  210  232  257  281  305
  334  375  428  480  519  538  536  517  486  451  417  392  377  373  378  380
  367  345  329  323  314  297  277  260  236
    22.5-180.0 180.0   5.0 450.0                            LAT/LON1/LON2/DLON/H
  295  271  241  210  182  161  143  123  103   91   91   99  109  117  118  112
  104  102  104  108  112  117  124  133  140  140  133  122  109   95   83   74
   67   64   65   72   84  101  121  142  161  181  202  225  251  278  305  333
  365  409  465  521  560  579  577  557  526  490  457  432  419  416  422  423
  407  384  370  367  361  344  325  311  295
    20.0-180.0 180.0   5.0 450.0                            LAT/LON1/LON2/DLON/H
  365  357  340  314  279  242  203  164  129  106   99  101  107  112  109   98
   89   90   97  105  113  122  131  141  149  151  146  136  121  105   91   80
   71   67   67   73   86  103  124  146  167  190  215  241  269  298  327  357
  391  434  488  539  575  592  590  573  547  517  489  468  458  457  462  461
  444  420  409  410  407  391  375  368  365
    17.5-180.0 180.0   5.0 450.0                            LAT/LON1/LON2/DLON/H
  434  445  447  432  399  351  292  231  181  147  129  122  120  118  108   91
   79   82   94  108  120  132  143  155  163  166  162  152  136  117  100   87
   77   71   70   76   88  106  127  150  173  199  227  256  285  315  345  375
  407  445  491  534  564  579  581  572  555  534  513  500  494  495  498  494
  475  452  443  447  448  435  422  423  434
    15.0-180.0 180.0   5.0 450.0                            LAT/LON1/LON2/DLON/H
  491  520  543  543  515  462  388  311  252  213  188  170  157  144  124   99
   83   88  104  121  137  151  162  173  180  182  178  168  150  130  110   95
   85   78   77   81   93  110  131  154  179  207  237  267  296  325  355  385
  414  446  481  515  540  555  563  563  557  546  534  528  526  527  527  519
  499  477  470  477  479  470  461  468  491
    12.5-180.0 180.0   5.0 450.0                            LAT/LON1/LON2/DLON/H
  527  567  606  622  605  553  471  388  329  292  265  242  220  195  165  132
  112  116  133  152  168  180  189  196  200  198  192  181  163  141  120  104
   93   87   85   88   98  114  134  157  183  213  243  273  300  329  359  389
  415  440  467  493  516  533  546  555  560  558  553  552  553  553  548  536
  515  496  491  498  502  496  490  500  527
    10.0-180.0 180.0   5.0 450.0                            LAT/LON1/LON2/DLON/H
  546  587  629  653  644  600  523  445  397  369  346  321  294  263  227  191
  169  172  188  204  217  224  226  225  220  213  202  189  171  149  128  111
  100   95   93   95  103  118  138  160  186  215  245  273  300  328  359  388
  411  432  454  479  504  526  544  560  571  574  573  573  574  570  559  543
  523  506  502  510  516  513  511  520  546
     7.5-180.0 180.0   5.0 450.0                            LAT/LON1/LON2/DLON/H
  554  589  625  645  637  598  532  471  441  429  414  392  364  330  294  260
  241  244  259  272  278  277  268  256  240  224  208  191  174  154  133  116
  106  102   99  101  108  123  142  163  187  215  244  271  296  324  355  384
  406  425  450  482  514  541  562  579  590  594  592  590  587  578  561  542
  522  508  505  511  519  522  525  533  554
     5.0-180.0 180.0   5.0 450.0                            LAT/LON1/LON2/DLON/H
  560  584  608  615  601  563  508  464  454  458  454  439  413  382  350  323
  310  315  329  338  338  328  308  283  256  230  208  189  172  154  135  118
  109  104  102  103  111  126  145  166  188  214  242  268  292  319  349  378
  400  421  452  495  538  568  589  604  611  611  606  600  592  577  554  531
  513  501  497  502  512  523  533  544  560
     2.5-180.0 180.0   5.0 450.0                            LAT/LON1/LON2/DLON/H
  570  583  591  582  557  517  471  441  445  459  461  449  428  403  380  363
  358  368  381  387  382  364  336  301  264  230  203  181  165  150  133  117
  108  103  100  103  112  128  148  167  188  212  239  264  288  314  344  372
  393  416  455  511  563  596  615  624  625  619  609  598  585  566  538  513
  496  484  479  483  496  515  536  555  570
