Examples/jprg0790 .16i
     1.0            IONOSPHERE MAPS     GPS                 IONEX VERSION / TYPE
GIM V3.0            JPL - GNISD         20-mar-2016 06:37   PGM / RUN BY / DATE 
JPL'S GLOBAL IONOSPHERE MAPS YEAR 2016 DAY 079              COMMENT             
Global Ionospheric Maps (GIM) are generated on an hourly    DESCRIPTION         
and daily basis at JPL using data from up to 100 GPS sites  DESCRIPTION         
of the IGS and others institutions.                         DESCRIPTION         
The vertical TEC is modeled in a solar-geomagnetic          DESCRIPTION         
reference frame using bi-cubic splines on a spherical grid. DESCRIPTION         
A Kalman filter is used to solve simultaneously for         DESCRIPTION         
instrumental biases and VTEC on the grid (as stochastic     DESCRIPTION         
parameters).                                                DESCRIPTION         
Contact Address:  gpsiono@cobra.jpl.nasa.gov .              DESCRIPTION         
  2016     3    19     0     0     0                        EPOCH OF FIRST MAP  
  2016     3    20     0     0     0                        EPOCH OF LAST MAP   
  7200                                                      INTERVAL            
    13                                                      # OF MAPS IN FILE   
  NONE                                                      MAPPING FUNCTION    
    10.0                                                    ELEVATION CUTOFF    
One-way carrier phase leveled to code                       OBSERVABLES USED    
   170                                                      # OF STATIONS       
    31                                                      # OF SATELLITES     
  6371.0                                                    BASE RADIUS         
     2                                                      MAP DIMENSION       
   450.0 450.0   0.0                                        HGT1 / HGT2 / DHGT  
    87.5 -87.5  -2.5                                        LAT1 / LAT2 / DLAT  
  -180.0 180.0   5.0                                        LON1 / LON2 / DLON  
    -1                                                      EXPONENT            
TEC/RMS values in 0.1 TECU; 9999, if no value available     COMMENT             
                                                            END OF HEADER       
[from data line 5148]
    13                                                      START OF TEC MAP    
  2016     3    20     0     0     0                        EPOCH OF CURRENT MAP
    87.5-180.0 180.0   5.0 450.0                            LAT/LON1/LON2/DLON/H
   87   87   87   87   87   87   87   87   87   86   86   86   85   85   84   84
   83   83   82   81   80   80   79   78   77   76   75   75   74   73   72   72
   71   71   70   70   69   69   69   69   69   69   69   70   70   71   71   72
   72   73   74   75   75   76   77   78   78   79   80   81   81   82   83   83
   84   85   85   85   86   86   86   87   87
    85.0-180.0 180.0   5.0 450.0                            LAT/LON1/LON2/DLON/H
   96   97   97   97   97   97   97   97   97   97   97   96   96   95   94   93
   92   91   89   88   86   85   83   81   80   78   76   75   73   72   70   69
   67   66   65   65   64   63   63   63   63   64   64   65   66   67   68   69
   70   72   73   75   76   78   79   81   82   84   85   87   88   89   90   91
   92   93   94   94   95   95   96   96   96
    82.5-180.0 180.0   5.0 450.0                            LAT/LON1/LON2/DLON/H
  104  105  105  105  106  106  106  107  107  107  107  107  106  106  105  103
  102  100   98   96   94   91   89   86   84   81   79   77   74   72   70   68
   66   64   63   62   61   60   60   60   60   61   61   62   64   65   66   68
   70   72   74   76   78   80   82   84   86   89   91   92   94   96   97   99
  100  101  102  102  103  103  104  104  104
    80.0-180.0 180.0   5.0 450.0                            LAT/LON1/LON2/DLON/H
  110  110  111  111  112  112  113  114  115  116  116  116  116  116  115  113
  111  109  106  103  100   97   93   90   87   84   81   79   76   73   71   68
   66   64   62   61   60   59   59   59   59   59   60   61   62   64   65   67
   69   71   74   76   78   81   83   86   89   91   94   96   99  101  103  104
  106  107  108  108  109  109  110  110  110
    77.5-180.0 180.0   5.0 450.0                            LAT/LON1/LON2/DLON/H
  113  113  114  114  115  116  117  119  120  122  123  124  124  124  122  120
  118  114  111  107  103   99   95   91   88   85   82   79   77   74   71   69
   66   64   62   61   60   59   58   58   58   58   59   60   61   62   64   65
   67   69   71   73   76   78   81   84   87   90   93   96   99  102  104  106
  108  110  111  112  112  113  113  113  113
    75.0-180.0 180.0   5.0 450.0                            LAT/LON1/LON2/DLON/H
  114  114  114  115  115  117  118  120  122  125  127  128  129  129  128  125
  121  117  112  107  102   98   93   89   86   83   80   77   75   72   70   68
   66   64   62   61   59   58   58   57   57   57   57   58   58   59   59   60
   61   63   64   66   69   71   74   78   81   85   89   92   96   99  102  105
  107  109  111  112  113  113  113  114  114
    72.5-180.0 180.0   5.0 450.0                            LAT/LON1/LON2/DLON/H
  113  113  113  114  114  116  117  120  122  125  128  130  131  131  130  127
  122  117  112  106  100   94   89   85   81   78   75   73   70   68   67   65
   63   62   60   59   58   57   56   56   55   55   54   53   53   52   52   52
   53   54   55   57   59   62   66   70   74   78   83   87   92   95   99  102
  105  107  109  110  111  112  113  113  113
    70.0-180.0 180.0   5.0 450.0                            LAT/LON1/LON2/DLON/H
  112  112  112  113  113  114  116  118  121  125  128  130  131  131  130  126
  122  116  110  103   97   91   85   80   75   72   69   66   64   62   60   59
   59   58   57   56   56   55   54   53   51   50   48   47   46   44   44   43
   43   44   45   47   50   53   57   62   67   73   78   83   88   92   96   99
  102  104  106  108  110  111  112  112  112
    67.5-180.0 180.0   5.0 450.0                            LAT/LON1/LON2/DLON/H
  113  113  113  113  113  114  115  117  120  123  126  129  130  130  128  125
  121  115  109  102   95   88   82   76   70   65   61   58   55   54   53   52
   52   53   53   52   52   51   49   47   45   43   41   40   38   37   36   35
   35   35   36   38   42   46   52   58   64   71   77   83   88   92   96   99
  101  103  105  107  109  110  111  112  113
    65.0-180.0 180.0   5.0 450.0                            LAT/LON1/LON2/DLON/H
  115  115  115  114  114  114  115  117  119  122  124  126  128  127  126  123
  120  115  109  103   95   88   80   73   66   60   55   50   47   45   44   44
   45   46   47   47   47   46   44   41   39   37   35   33   32   31   30   29
   29   29   31   33   37   43   50   58   66   73   81   87   92   96  100  102
  104  105  107  108  110  112  113  114  115
    62.5-180.0 180.0   5.0 450.0                            LAT/LON1/LON2/DLON/H
  119  119  118  118  117  117  117  118  119  121  123  124  125  125  124  122
  120  116  111  105   98   90   81   73   64   56   50   45   41   38   38   38
   39   41   42   42   42   41   39   36   34   32   31   30   30   29   29   29
   29   29   30   33   37   44   52   61   71   80   88   95  100  104  106  108
  109  110  111  112  113  115  117  119  119
    60.0-180.0 180.0   5.0 450.0                            LAT/LON1/LON2/DLON/H
  126  126  125  123  122  121  120  120  120  121  122  122  122  122  122  121
  119  117  113  107  100   92   83   74   64   55   48   42   38   35   34   34
   35   37   38   39   38   37   36   34   33   32   32   32   33   33   33   33
   33   33   33   35   40   47   57   68   78   88   97  105  110  113  115  116
  116  116  117  118  119  122  124  126  126
    57.5-180.0 180.0   5.0 450.0                            LAT/LON1/LON2/DLON/H
  136  135  133  131  129  127  125  124  122  121  121  120  120  120  119  119
  118  117  114  110  103   95   86   76   65   56   49   43   39   36   35   35
   35   36   37   38   38   37   37   36   36   36   38   39   41   42   42   41
   41   40   39   41   45   53   63   75   87   98  107  114  120  123  124  125
  125  124  125  126  128  130  133  136  136
    55.0-180.0 180.0   5.0 450.0                            LAT/LON1/LON2/DLON/H
  148  147  144  140  138  135  132  128  125  122  120  119  118  117  117  117
  117  117  115  111  105   97   88   78   68   60   53   48   45   42   40   39
   38   38   39   40   41   42   42   43   44   46   48   51   52   53   53   52
   51   49   48   49   52   59   70   82   94  106  115  123  128  131  133  133
  133  134  134  135  138  142  145  148  148
    52.5-180.0 180.0   5.0 450.0                            LAT/LON1/LON2/DLON/H
  163  160  156  152  149  145  140  135  129  125  121  119  117  116  115  115
  116  116  114  111  106   98   90   81   72   65   60   56   53   50   48   45
   43   43   44   46   48   51   53   55   57   59   62   64   65   65   64   63
   61   60   58   57   60   66   76   88  101  112  122  130  135  138  140  142
  142  143  144  146  150  155  160  163  163
    50.0-180.0 180.0   5.0 450.0                            LAT/LON1/LON2/DLON/H
  180  177  171  167  162  157  150  142  134  128  123  120  118  116  115  115
  115  115  114  111  106  100   92   84   77   72   68   65   62   59   55   52
   50   49   51   55   59   63   66   69   71   74   76   77   77   76   75   73
   71   70   68   66   67   73   83   95  107  119  129  136  142  145  148  150
  152  154  156  159  164  170  177  181  180
    47.5-180.0 180.0   5.0 450.0                            LAT/LON1/LON2/DLON/H
  200  195  189  183  178  171  162  151  141  133  127  123  120  118  117  116
  117  117  116  113  108  101   94   87   81   78   76   74   70   66   61   57
   55   56   60   66   72   76   80   83   86   88   89   88   87   85   83   81
   80   79   76   74   75   79   89  101  114  126  136  144  149  153  156  159
  163  166  169  174  180  188  196  201  200
    45.0-180.0 180.0   5.0 450.0                            LAT/LON1/LON2/DLON/H
  221  215  208  202  196  187  176  162  149  139  133  128  125  123  121  121
  121  121  120  117  111  104   97   90   86   84   82   80   76   69   63   59
   59   62   68   76   83   88   91   94   97   99   98   97   94   91   89   87
   87   86   83   81   80   85   94  107  121  134  145  154  159  163  167  170
  175  180  185  191  199  209  218  223  221
    42.5-180.0 180.0   5.0 450.0                            LAT/LON1/LON2/DLON/H
  244  237  229  223  216  206  191  175  159  148  140  136  132  130  128  128
  129  129  127  123  117  109  100   94   90   88   87   84   78   70   63   60
   61   67   75   83   90   95   98  101  105  106  106  103  100   96   94   92
   91   90   87   84   83   88   98  113  129  144  157  166  172  176  179  183
  189  195  202  211  221  232  242  246  244
    40.0-180.0 180.0   5.0 450.0                            LAT/LON1/LON2/DLON/H
  266  258  250  244  236  225  208  189  171  158  150  145  141  139  137  137
  139  139  136  131  124  114  105   98   94   92   90   86   79   69   62   60
   63   69   78   86   92   96  100  105  109  111  111  108  104  101   98   96
   94   92   88   84   83   89  101  119  138  156  170  181  187  191  194  198
  204  212  222  234  246  258  267  270  266
    37.5-180.0 180.0   5.0 450.0                            LAT/LON1/LON2/DLON/H
  288  279  270  264  256  245  226  205  186  171  161  156  152  149  148  148
  150  150  147  140  131  120  111  103   99   95   92   87   79   69   62   62
   65   71   79   85   90   95   99  105  111  114  114  111  108  105  102   99
   95   91   86   81   81   88  103  123  145  166  183  195  202  206  210  215
  221  231  243  259  274  286  293  293  288
    35.0-180.0 180.0   5.0 450.0                            LAT/LON1/LON2/DLON/H
  309  298  288  281  275  264  246  224  202  185  175  169  165  162  159  160
  162  162  157  149  138  127  116  109  104   98   93   87   79   71   66   66
   69   74   80   85   89   93   98  105  111  115  115  113  112  110  106  100
   95   88   82   77   78   86  103  126  151  175  195  208  216  221  226  232
  239  250  266  285  303  315  320  318  309
    32.5-180.0 180.0   5.0 450.0                            LAT/LON1/LON2/DLON/H
  334  319  306  297  291  282  266  244  221  202  191  184  180  175  172  173
  175  174  167  156  144  132  123  116  110  102   94   88   81   75   72   74
   78   82   85   88   91   94   99  106  112  115  115  114  114  113  108  101
   93   84   76   72   73   82  101  127  155  181  203  217  227  234  242  249
  259  271  289  311  332  345  350  345  334
    30.0-180.0 180.0   5.0 450.0                            LAT/LON1/LON2/DLON/H
  364  346  328  316  308  302  289  267  243  222  208  201  197  191  187  186
  188  185  175  162  148  137  129  123  117  107   96   90   86   83   84   87
   92   95   98  100  100  101  105  110  115  116  114  114  115  114  109  100
   89   79   71   66   68   78   98  125  156  184  207  224  236  246  256  267
  278  292  311  336  360  377  383  378  364
    27.5-180.0 180.0   5.0 450.0                            LAT/LON1/LON2/DLON/H
  404  381  359  341  332  327  315  293  267  244  228  220  215  209  202  200
  200  195  182  166  152  141  134  130  124  112  101   96   96   97  100  106
  112  117  121  123  120  116  116  118  119  116  112  111  113  113  106   96
   84   73   65   61   63   73   93  122  155  184  209  227  241  254  269  284
  297  312  332  359  387  410  422  419  404
    25.0-180.0 180.0   5.0 450.0                            LAT/LON1/LON2/DLON/H
  455  430  401  378  365  359  347  323  295  269  251  241  236  228  219  214
  211  204  188  169  154  144  139  136  131  120  110  109  114  119  123  130
  140  149  154  154  147  137  130  127  124  117  110  108  109  108  101   90
   78   67   60   57   59   69   89  118  152  183  209  229  245  261  280  298
  314  329  350  379  412  444  466  470  455
    22.5-180.0 180.0   5.0 450.0                            LAT/LON1/LON2/DLON/H
  513  489  458  430  412  401  385  358  326  298  277  266  260  251  238  228
  222  211  192  172  156  146  142  139  135  128  125  131  142  149  153  159
  172  184  191  189  177  159  145  137  130  119  108  104  103  102   94   84
   72   62   55   53   56   65   84  114  149  180  207  229  247  266  288  310
  327  344  365  395  433  476  510  523  513
    20.0-180.0 180.0   5.0 450.0                            LAT/LON1/LON2/DLON/H
  567  549  522  493  471  453  430  397  362  331  308  296  289  278  260  245
  233  218  197  176  160  149  143  140  138  139  145  160  178  186  185  190
  204  219  226  221  203  179  159  147  137  122  107  100   97   94   87   77
   66   57   52   51   53   62   80  110  145  178  205  228  248  269  293  317
  336  353  375  407  449  501  547  570  567
    17.5-180.0 180.0   5.0 450.0                            LAT/LON1/LON2/DLON/H
  610  601  581  556  533  509  478  440  402  370  346  332  324  309  287  266
  249  230  207  185  167  154  146  142  142  150  167  191  214  222  218  218
  233  249  254  245  222  193  170  156  143  125  107   97   92   88   80   71
   61   54   50   50   52   60   77  106  141  175  204  228  249  272  296  321
  340  359  382  415  460  517  571  603  610
    15.0-180.0 180.0   5.0 450.0                            LAT/LON1/LON2/DLON/H
  630  634  626  610  588  562  526  483  445  415  391  377  365  346  319  294
  274  252  227  202  182  167  156  148  149  163  187  217  244  253  244  241
  254  268  270  256  231  201  178  163  149  129  108   95   89   83   75   67
   59   53   50   50   52   58   74  103  138  172  202  229  252  275  300  324
  344  362  386  420  464  520  575  613  630
    12.5-180.0 180.0   5.0 450.0                            LAT/LON1/LON2/DLON/H
  626  641  648  644  629  603  565  523  487  460  440  427  413  390  360  334
  311  287  260  232  208  190  176  165  163  177  202  232  261  270  261  255
  265  276  275  259  233  206  184  169  154  133  111   96   87   80   72   64
   57   52   50   51   52   57   72  100  135  171  203  231  257  282  307  330
  348  366  391  424  466  516  566  602  626
    10.0-180.0 180.0   5.0 450.0                            LAT/LON1/LON2/DLON/H
  606  628  646  652  646  627  593  555  523  501  486  475  460  435  407  384
  363  339  310  279  250  229  212  196  188  194  209  233  259  272  266  263
  271  280  276  258  233  209  189  175  159  137  114   98   87   79   70   63
   57   52   51   51   53   57   70   97  134  170  205  237  267  294  319  341
  357  374  399  432  470  511  551  582  606
     7.5-180.0 180.0   5.0 450.0                            LAT/LON1/LON2/DLON/H
  583  607  630  644  644  632  606  575  549  533  523  515  502  478  454  437
  423  401  372  337  305  280  260  240  222  214  212  223  247  264  267  267
  276  282  277  259  236  214  195  179  162  139  117  100   88   78   69   62
   57   53   51   51   52   56   68   95  133  171  208  245  279  310  337  357
  371  387  412  445  480  512  540  562  583
     5.0-180.0 180.0   5.0 450.0                            LAT/LON1/LON2/DLON/H
  568  589  611  626  630  624  607  583  563  550  544  540  531  512  495  487
  480  462  434  398  362  335  314  288  259  235  215  212  232  256  267  274
  284  290  285  267  244  222  201  182  162  139  118  100   87   77   68   62
   57   53   51   51   52   55   67   94  132  172  212  253  292  327  355  375
  387  402  429  464  499  527  545  556  568
     2.5-180.0 180.0   5.0 450.0                            LAT/LON1/LON2/DLON/H
  573  584  599  608  611  610  600  583  565  553  547  547  543  533  525  525
  524  512  487  451  413  385  362  332  294  255  221  208  226  254  274  287
  299  306  301  281  255  229  205  182  158  135  115   98   85   74   67   62
   57   53   50   51   52   54   66   93  131  173  215  259  302  340  370  389
  400  414  444  484  523  552  567  570  573
