Examples/jprg0790 .16i
     1.0            IONOSPHERE MAPS     GPS                 IONEX VERSION / TYPE
GIM V3.0            JPL - GNISD         20-mar-2016 06:37   PGM / RUN BY / DATE 
JPL'S GLOBAL IONOSPHERE MAPS YEAR 2016 DAY 079              COMMENT             
Global Ionospheric Maps (GIM) are generated on an hourly    DESCRIPTION         
and daily basis at JPL using data from up to 100 GPS sites  DESCRIPTION         
of the IGS and others institutions.                         DESCRIPTION         
The vertical TEC is modeled in a solar-geomagnetic          DESCRIPTION         
reference frame using bi-cubic splines on a spherical grid. DESCRIPTION         
A Kalman filter is used to solve simultaneously for         DESCRIPTION         
instrumental biases and VTEC on the grid (as stochastic     DESCRIPTION         
parameters).                                                DESCRIPTION         
Contact Address:  gpsiono@cobra.jpl.nasa.gov .              DESCRIPTION         
  2016     3    19     0     0     0                        EPOCH OF FIRST MAP  
  2016     3    20     0     0     0                        EPOCH OF LAST MAP   
  7200                                                      INTERVAL            
    13                                                      # OF MAPS IN FILE   
  NONE                                                      MAPPING FUNCTION    
    10.0                                                    ELEVATION CUTOFF    
One-way carrier phase leveled to code                       OBSERVABLES USED    
   170                                                      # OF STATIONS       
    31                                                      # OF SATELLITES     
  6371.0                                                    BASE RADIUS         
     2                                                      MAP DIMENSION       
   450.0 450.0   0.0                                        HGT1 / HGT2 / DHGT  
    87.5 -87.5  -2.5                                        LAT1 / LAT2 / DLAT  
  -180.0 180.0   5.0                                        LON1 / LON2 / DLON  
    -1                                                      EXPONENT            
TEC/RMS values in 0.1 TECU; 9999, if no value available     COMMENT             
                                                            END OF HEADER       
[from data line 3003]
     8                                                      START OF TEC MAP    
  2016     3    19    14     0     0                        EPOCH OF CURRENT MAP
    87.5-180.0 180.0   5.0 450.0                            LAT/LON1/LON2/DLON/H
  113  113  113  113  113  113  114  114  114  114  115  115  115  116  116  116
  116  116  117  117  117  117  117  117  117  117  117  117  117  117  116  116
  116  115  115  115  114  114  114  113  113  113  112  112  112  112  112  111
  111  111  111  111  111  111  111  111  111  111  111  111  111  111  112  112
  112  112  112  112  112  112  112  112  113
    85.0-180.0 180.0   5.0 450.0                            LAT/LON1/LON2/DLON/H
  108  108  108  108  108  109  109  110  110  111  111  112  112  113  114  115
  115  116  117  117  118  118  119  119  119  119  119  119  118  118  117  117
  116  115  114  114  113  112  111  110  109  109  108  107  107  107  106  106
  106  106  106  106  106  106  106  106  106  107  107  107  107  107  107  107
  107  107  107  107  107  107  107  107  108
    82.5-180.0 180.0   5.0 450.0                            LAT/LON1/LON2/DLON/H
  100  100  100  100  100  101  101  102  102  103  104  105  106  107  109  110
  112  113  115  116  118  119  120  121  121  121  122  121  121  120  119  118
  117  116  114  113  111  110  108  107  105  104  103  102  101  100  100   99
   99   99   99   99   99   99  100  100  100  101  101  101  102  102  102  102
  102  102  101  101  101  101  100  100  100
    80.0-180.0 180.0   5.0 450.0                            LAT/LON1/LON2/DLON/H
   90   90   90   90   90   90   91   91   92   93   95   96   98   99  101  104
  106  108  111  114  116  119  121  122  124  125  125  125  125  124  123  121
  120  118  116  114  111  109  107  104  102  100   99   97   96   95   94   93
   92   92   92   92   92   92   92   93   93   94   94   95   95   95   96   96
   95   95   95   94   93   93   92   91   90
    77.5-180.0 180.0   5.0 450.0                            LAT/LON1/LON2/DLON/H
   80   80   79   79   79   79   80   81   82   84   85   87   89   91   93   96
   99  102  106  110  114  118  122  125  127  129  130  131  130  130  129  127
  125  123  120  117  114  111  108  105  102   99   97   95   93   91   90   88
   87   86   85   85   84   84   84   85   85   86   87   87   88   88   89   89
   89   88   87   86   85   84   83   81   80
    75.0-180.0 180.0   5.0 450.0                            LAT/LON1/LON2/DLON/H
   71   70   70   70   70   70   71   72   74   75   77   79   81   83   85   88
   92   96  101  106  112  118  123  127  131  134  135  136  136  135  135  134
  132  130  128  125  121  117  112  108  104  101   98   95   93   91   89   87
   85   83   81   79   77   77   76   76   77   77   78   79   80   81   82   82
   82   81   80   79   77   76   74   72   71
    72.5-180.0 180.0   5.0 450.0                            LAT/LON1/LON2/DLON/H
   65   64   63   63   64   64   65   66   68   70   71   73   75   77   80   83
   87   92   97  103  110  117  124  129  134  138  140  141  140  140  139  139
  138  138  136  133  129  125  120  115  110  106  103  100   97   95   92   89
   86   82   78   75   72   70   69   68   69   69   71   72   73   74   75   75
   76   75   74   72   70   69   67   66   65
    70.0-180.0 180.0   5.0 450.0                            LAT/LON1/LON2/DLON/H
   61   61   61   61   61   62   62   64   65   67   69   71   73   76   78   81
   85   89   95  102  109  116  123  130  136  140  143  143  143  142  141  141
  142  143  143  141  138  133  128  123  118  114  111  108  106  103   99   95
   90   84   79   74   69   66   63   62   62   63   64   66   67   68   69   70
   70   69   68   67   65   63   62   61   61
    67.5-180.0 180.0   5.0 450.0                            LAT/LON1/LON2/DLON/H
   61   61   62   63   63   63   63   63   65   66   69   71   74   77   80   83
   86   90   95  101  108  115  122  129  134  139  142  144  143  142  141  141
  143  145  146  146  144  140  135  131  127  123  121  118  116  112  108  103
   96   89   82   75   68   63   60   59   59   59   61   62   63   64   64   65
   65   65   64   62   61   60   59   60   61
    65.0-180.0 180.0   5.0 450.0                            LAT/LON1/LON2/DLON/H
   62   64   66   66   66   66   65   65   65   66   69   72   76   80   84   87
   90   93   97  102  107  113  119  124  130  135  139  141  141  140  139  140
  142  145  148  149  148  144  140  137  134  132  130  128  126  122  118  112
  104   96   87   78   71   64   60   58   58   59   60   61   61   61   61   61
   62   62   61   60   58   58   58   60   62
    62.5-180.0 180.0   5.0 450.0                            LAT/LON1/LON2/DLON/H
   64   67   70   71   71   70   68   66   65   66   68   72   78   83   87   91
   94   97  100  103  106  110  114  119  124  129  133  137  138  138  138  139
  142  146  148  150  149  146  143  140  139  138  138  136  134  131  126  120
  112  103   94   84   75   68   63   61   61   62   62   62   62   60   60   59
   60   60   59   58   57   57   58   60   64
    60.0-180.0 180.0   5.0 450.0                            LAT/LON1/LON2/DLON/H
   65   70   73   75   75   73   70   67   64   63   65   70   77   84   90   94
   97  100  102  103  105  107  110  113  117  122  128  133  136  137  139  141
  143  147  149  150  149  147  144  142  141  142  142  142  140  136  132  126
  119  110  101   91   82   74   69   67   66   67   67   66   64   62   60   59
   60   60   60   59   57   56   58   61   65
    57.5-180.0 180.0   5.0 450.0                            LAT/LON1/LON2/DLON/H
   66   71   75   78   78   76   72   67   62   60   62   67   74   82   89   94
   98  101  102  103  104  105  106  108  112  117  124  130  136  139  142  145
  147  150  151  152  150  148  145  143  143  144  144  143  142  139  136  131
  125  117  109  100   91   83   78   75   74   74   74   72   69   66   63   62
   62   62   62   61   59   57   58   61   66
    55.0-180.0 180.0   5.0 450.0                            LAT/LON1/LON2/DLON/H
   67   72   76   79   79   77   73   66   60   57   58   63   71   79   86   92
   96   99  101  103  103  104  105  106  110  115  123  131  139  144  148  151
  153  155  155  155  153  151  148  146  146  146  145  144  143  141  139  135
  130  124  117  109  101   94   89   85   84   83   82   80   76   72   69   67
   67   68   67   65   62   60   60   62   67
    52.5-180.0 180.0   5.0 450.0                            LAT/LON1/LON2/DLON/H
   69   73   77   80   80   78   73   67   60   56   57   61   68   75   82   88
   93   97  100  102  103  104  105  107  110  117  125  135  144  151  156  159
  160  160  160  159  158  156  154  152  150  149  148  146  145  144  142  139
  135  130  125  119  113  107  101   97   95   93   92   88   84   80   77   76
   75   76   75   72   69   66   64   66   69
    50.0-180.0 180.0   5.0 450.0                            LAT/LON1/LON2/DLON/H
   73   76   78   80   81   79   74   69   63   59   59   62   67   73   79   85
   90   95   99  102  104  106  108  110  114  120  129  140  151  159  164  166
  167  166  165  165  165  165  163  160  158  155  153  151  150  149  147  144
  141  137  133  129  124  118  113  109  106  104  101   98   94   90   87   85
   85   85   84   82   78   75   72   72   73
    47.5-180.0 180.0   5.0 450.0                            LAT/LON1/LON2/DLON/H
   80   80   80   81   81   80   76   71   66   64   63   65   68   73   78   83
   89   94   99  103  106  109  111  114  118  125  135  146  157  165  170  172
  171  170  169  171  173  175  174  171  168  165  163  161  160  158  155  151
  147  144  141  137  132  127  122  118  116  113  110  107  103   99   96   95
   95   94   93   92   89   85   83   81   80
    45.0-180.0 180.0   5.0 450.0                            LAT/LON1/LON2/DLON/H
   88   85   84   82   82   80   77   74   71   70   70   71   73   75   80   85
   91   96  102  106  110  113  116  119  123  130  140  152  163  171  175  176
  176  175  175  178  182  185  186  184  181  179  177  175  173  170  165  159
  154  151  147  143  137  131  127  124  122  121  119  116  112  108  105  103
  102  102  101  100   98   96   93   90   88
    42.5-180.0 180.0   5.0 450.0                            LAT/LON1/LON2/DLON/H
   95   91   87   84   83   81   78   75   75   76   78   78   79   80   84   90
   96  101  107  111  115  118  121  124  129  136  146  157  168  176  180  181
  181  181  183  186  192  197  199  199  197  195  194  192  189  183  176  168
  163  158  153  146  137  129  125  124  126  127  126  123  119  114  110  108
  107  106  105  105  105  104  102   99   95
    40.0-180.0 180.0   5.0 450.0                            LAT/LON1/LON2/DLON/H
  100   95   90   86   83   81   77   75   77   81   86   87   86   87   91   97
  103  108  113  118  121  124  126  129  134  142  152  163  174  182  187  189
  191  193  195  199  204  209  213  215  214  213  212  210  205  197  187  178
  172  166  158  147  135  124  120  122  127  131  132  130  125  119  114  111
  109  107  106  106  107  108  107  105  100
    37.5-180.0 180.0   5.0 450.0                            LAT/LON1/LON2/DLON/H
  103   98   93   88   85   81   76   74   78   86   93   96   95   96   99  105
  111  116  121  125  128  131  133  136  140  148  158  170  181  190  196  202
  207  211  214  216  219  224  230  233  233  232  230  226  219  209  198  189
  183  176  166  152  136  123  118  122  129  134  137  135  130  122  117  113
  111  107  104  103  105  107  108  107  103
    35.0-180.0 180.0   5.0 450.0                            LAT/LON1/LON2/DLON/H
  103  100   95   91   86   81   76   74   78   90  100  104  104  105  108  114
  119  125  130  134  137  139  141  143  147  155  166  178  190  200  211  221
  230  236  239  240  241  245  252  256  255  251  247  241  232  220  209  202
  198  191  179  164  145  130  124  128  134  138  140  139  134  126  120  117
  114  109  104  101  102  105  106  106  103
    32.5-180.0 180.0   5.0 450.0                            LAT/LON1/LON2/DLON/H
  103  101   98   94   89   83   77   74   80   93  106  112  113  114  118  123
  128  133  138  144  147  150  151  152  156  164  176  189  202  214  230  246
  260  268  271  271  270  274  281  284  280  272  264  257  246  234  224  220
  218  213  202  186  168  153  146  146  145  144  143  142  138  130  125  123
  121  115  107  101  101  103  105  104  103
    30.0-180.0 180.0   5.0 450.0                            LAT/LON1/LON2/DLON/H
  103  102  101   98   93   86   79   76   82   96  110  116  118  121  126  131
  136  140  147  154  159  161  162  163  167  175  188  203  217  233  253  276
  295  306  310  309  308  312  320  320  310  295  284  275  264  252  244  244
  246  243  234  222  206  192  183  175  163  152  147  146  142  136  133  134
  133  126  116  107  105  105  105  104  103
    27.5-180.0 180.0   5.0 450.0                            LAT/LON1/LON2/DLON/H
  104  103  103  102   98   91   84   81   86   98  110  116  120  125  132  139
  144  148  156  164  171  174  175  176  178  187  202  219  236  256  282  311
  335  348  354  353  353  358  365  362  345  324  310  300  290  279  274  277
  282  282  275  266  254  241  228  211  187  165  155  153  151  146  145  149
  150  143  130  120  115  113  110  107  104
    25.0-180.0 180.0   5.0 450.0                            LAT/LON1/LON2/DLON/H
  107  105  106  106  103   98   91   87   90   98  107  112  116  125  136  145
  151  157  166  176  183  187  188  189  191  200  217  237  259  285  317  351
  379  395  401  401  401  407  413  407  384  359  343  335  325  315  312  317
  323  323  319  312  302  289  272  248  214  185  170  167  164  161  162  168
  171  163  148  136  130  125  119  112  107
    22.5-180.0 180.0   5.0 450.0                            LAT/LON1/LON2/DLON/H
  111  108  108  110  109  105   99   95   95   98  102  104  109  121  136  149
  159  167  177  188  195  199  202  202  205  215  234  258  286  319  357  395
  424  441  448  449  450  455  459  450  425  399  384  377  368  356  353  357
  363  363  358  352  342  328  308  279  243  212  195  189  186  183  185  190
  193  184  167  153  145  139  130  120  111
    20.0-180.0 180.0   5.0 450.0                            LAT/LON1/LON2/DLON/H
  116  110  110  114  116  114  109  104  101   99   97   96  102  117  136  154
  167  179  190  200  207  211  214  216  219  230  252  281  316  357  400  439
  468  484  490  492  493  497  499  489  465  441  430  423  412  398  392  394
  396  395  389  380  367  349  327  301  272  248  232  222  216  212  213  216
  215  203  185  169  160  151  140  127  116
    17.5-180.0 180.0   5.0 450.0                            LAT/LON1/LON2/DLON/H
  120  112  113  119  123  122  119  113  108  102   95   91   98  116  139  160
  178  192  204  213  218  221  225  229  234  246  271  306  348  395  441  479
  505  519  525  527  527  529  529  520  500  481  473  466  452  435  424  421
  419  415  407  394  376  354  333  315  301  288  273  259  249  245  242  241
  234  219  199  182  170  160  148  134  120
    15.0-180.0 180.0   5.0 450.0                            LAT/LON1/LON2/DLON/H
  123  114  116  124  130  131  129  123  116  107   98   93   99  119  146  171
  191  207  219  226  228  232  237  242  249  264  291  331  379  431  478  512
  533  544  549  550  551  552  551  542  527  514  508  500  483  460  444  436
  430  425  416  399  375  352  334  327  329  329  315  294  280  274  270  262
  250  231  209  190  176  164  152  138  123
    12.5-180.0 180.0   5.0 450.0                            LAT/LON1/LON2/DLON/H
  126  118  120  129  137  139  137  133  126  115  105  100  109  130  159  186
  208  224  234  238  240  242  248  255  264  282  314  357  409  463  507  535
  549  557  560  563  564  564  562  556  546  537  530  520  499  474  454  442
  433  428  419  399  373  349  338  342  359  367  349  320  302  296  290  278
  260  238  215  194  177  165  153  140  126
    10.0-180.0 180.0   5.0 450.0                            LAT/LON1/LON2/DLON/H
  129  122  126  135  142  145  144  142  135  124  114  112  123  146  177  205
  227  242  250  251  251  254  260  268  281  303  338  384  437  488  526  546
  555  559  562  565  567  567  565  561  554  547  538  525  503  478  457  443
  433  428  420  400  373  354  353  367  390  397  371  333  310  305  299  284
  263  240  216  194  176  164  153  142  129
     7.5-180.0 180.0   5.0 450.0                            LAT/LON1/LON2/DLON/H
  133  127  132  142  147  148  149  148  143  132  124  124  138  164  196  226
  247  260  265  264  264  267  273  282  297  324  362  409  460  505  536  549
  552  553  556  558  560  560  560  558  553  546  535  520  498  476  457  443
  433  429  423  404  382  371  380  401  421  417  379  329  303  300  296  280
  258  236  213  192  174  161  153  143  133
     5.0-180.0 180.0   5.0 450.0                            LAT/LON1/LON2/DLON/H
  136  133  139  149  152  152  153  154  149  139  131  135  152  180  214  244
  265  277  279  277  277  280  286  295  314  345  385  431  477  515  538  545
  543  543  543  544  544  545  547  548  544  536  524  508  489  472  457  445
  437  434  427  411  393  391  410  434  444  425  373  314  286  285  284  269
  248  227  207  188  171  160  153  145  136
     2.5-180.0 180.0   5.0 450.0                            LAT/LON1/LON2/DLON/H
  140  139  147  156  159  157  158  160  155  143  136  141  160  191  227  258
  280  291  293  291  291  294  299  309  330  364  405  447  486  515  531  534
  531  529  527  525  523  524  528  532  529  520  508  493  479  467  458  449
  442  437  429  413  399  405  430  453  452  418  354  291  262  264  265  252
  234  215  198  182  168  160  154  147  140
