read rinex demo/jplg2800.15i
     1.0            IONOSPHERE MAPS     GPS                 IONEX VERSION / TYPE
GIM V3.0            JPL - GNISD         10-oct-2015 01:13   PGM / RUN BY / DATE 
JPL'S GLOBAL IONOSPHERE MAPS YEAR 2015 DAY 280              COMMENT             
Global Ionospheric Maps (GIM) are generated on an hourly    DESCRIPTION         
and daily basis at JPL using data from up to 100 GPS sites  DESCRIPTION         
of the IGS and others institutions.                         DESCRIPTION         
The vertical TEC is modeled in a solar-geomagnetic          DESCRIPTION         
reference frame using bi-cubic splines on a spherical grid. DESCRIPTION         
A Kalman filter is used to solve simultaneously for         DESCRIPTION         
instrumental biases and VTEC on the grid (as stochastic     DESCRIPTION         
parameters).                                                DESCRIPTION         
Contact Address:  gpsiono@cobra.jpl.nasa.gov .              DESCRIPTION         
  2015    10     7     0     0     0                        EPOCH OF FIRST MAP  
  2015    10     8     0     0     0                        EPOCH OF LAST MAP   
  7200                                                      INTERVAL            
    13                                                      # OF MAPS IN FILE   
  NONE                                                      MAPPING FUNCTION    
    10.0                                                    ELEVATION CUTOFF    
One-way carrier phase leveled to code                       OBSERVABLES USED    
   170                                                      # OF STATIONS       
    31                                                      # OF SATELLITES     
  6371.0                                                    BASE RADIUS         
     2                                                      MAP DIMENSION       
   450.0 450.0   0.0                                        HGT1 / HGT2 / DHGT  
    87.5 -87.5  -2.5                                        LAT1 / LAT2 / DLAT  
  -180.0 180.0   5.0                                        LON1 / LON2 / DLON  
    -1                                                      EXPONENT            
TEC/RMS values in 0.1 TECU; 9999, if no value available     COMMENT             
                                                            END OF HEADER       
     1                                                      START OF TEC MAP    
  2015    10     7     0     0     0                        EPOCH OF CURRENT MAP
    87.5-180.0 180.0   5.0 450.0                            LAT/LON1/LON2/DLON/H
   99   99   99   99   99   98   98   98   97   97   97   96   96   95   94   94
   93   92   92   91   90   90   89   88   88   87   87   86   85   85   85   84
   84   84   83   83   83   83   83   83   83   83   83   84   84   84   85   85
   86   87   87   88   88   89   90   91   91   92   93   94   94   95   96   96
   97   97   98   98   98   99   99   99   99
    85.0-180.0 180.0   5.0 450.0                            LAT/LON1/LON2/DLON/H
  105  105  104  104  104  103  103  102  102  101  100   99   98   97   96   95
   93   92   91   90   89   87   86   85   84   82   81   80   79   78   78   77
   76   76   75   75   75   75   75   75   75   75   75   76   76   77   78   79
   80   81   82   83   85   86   87   89   90   92   93   95   96   97   99  100
  101  102  103  103  104  104  104  105  105
    82.5-180.0 180.0   5.0 450.0                            LAT/LON1/LON2/DLON/H
  108  108  108  108  108  107  107  106  105  104  103  101  100   98   97   95
   93   92   90   88   86   85   83   81   79   78   76   75   74   72   71   71
   70   69   69   68   68   68   67   67   67   68   68   68   69   70   71   72
   73   75   77   78   80   82   84   87   89   91   93   95   97   99  100  102
  103  104  105  106  107  107  108  108  108
    80.0-180.0 180.0   5.0 450.0                            LAT/LON1/LON2/DLON/H
  110  110  111  111  111  111  111  110  109  108  107  105  103  101   98   96
   94   91   89   87   84   82   80   78   76   74   72   70   69   68   67   66
   65   65   64   64   64   63   63   63   63   62   63   63   63   64   65   66
   68   70   72   74   76   79   81   84   87   89   92   94   96   98  100  102
  103  105  106  106  107  108  109  109  110
    77.5-180.0 180.0   5.0 450.0                            LAT/LON1/LON2/DLON/H
  110  111  113  114  115  116  116  116  116  114  112  109  107  103  100   97
   94   91   88   86   83   80   78   76   73   71   68   66   65   63   62   62
   61   61   62   62   62   62   62   61   61   60   60   59   60   60   61   63
   64   66   69   71   74   77   79   82   85   87   90   92   94   96   98   99
  101  102  103  104  105  106  107  109  110
    75.0-180.0 180.0   5.0 450.0                            LAT/LON1/LON2/DLON/H
  109  111  114  117  119  121  122  123  122  120  117  114  110  106  102   98
   95   91   88   85   82   79   77   74   71   69   66   64   61   60   58   58
   58   59   60   61   62   62   62   62   61   60   59   58   58   58   59   61
   63   65   67   70   73   75   78   80   83   85   87   89   91   92   93   94
   95   96   97   98  100  102  104  106  109
    72.5-180.0 180.0   5.0 450.0                            LAT/LON1/LON2/DLON/H
  105  109  114  118  121  124  127  128  127  125  122  118  114  109  104  100
   96   92   88   84   81   78   75   72   70   68   65   62   60   58   56   55
   55   56   58   60   61   63   63   62   61   60   59   58   58   58   59   60
   62   65   67   70   72   75   77   79   81   83   84   86   87   87   88   89
   89   90   90   92   93   96   98  102  105
    70.0-180.0 180.0   5.0 450.0                            LAT/LON1/LON2/DLON/H
  100  105  109  114  119  124  127  129  130  129  126  122  117  112  107  102
   97   92   87   82   78   74   72   70   68   66   64   62   59   57   55   54
   53   54   56   58   60   61   62   61   60   58   57   57   57   58   59   61
   62   65   67   69   72   74   76   78   80   81   82   83   83   84   84   84
   84   84   84   85   87   90   93   96  100
    67.5-180.0 180.0   5.0 450.0                            LAT/LON1/LON2/DLON/H
   95   98  102  107  112  117  123  127  129  129  128  125  121  116  111  105
   98   91   84   78   72   69   66   64   64   63   62   61   59   57   55   54
   53   53   54   56   58   58   58   57   55   54   54   54   55   57   58   60
   62   64   66   68   70   72   74   76   77   79   80   81   81   82   82   82
   81   81   81   82   84   86   89   92   95
    65.0-180.0 180.0   5.0 450.0                            LAT/LON1/LON2/DLON/H
   91   93   94   97  102  107  114  120  124  127  127  126  123  119  113  106
   98   88   79   71   64   60   57   56   57   59   60   60   59   58   56   54
   53   52   52   53   54   54   52   50   49   48   48   50   52   54   56   58
   59   61   62   63   65   67   70   72   75   77   79   80   82   83   84   84
   84   84   83   84   85   86   88   90   91
    62.5-180.0 180.0   5.0 450.0                            LAT/LON1/LON2/DLON/H
   92   90   89   89   92   97  104  111  117  121  124  125  124  121  116  108
   98   86   74   64   55   50   47   47   50   54   57   59   59   59   57   55
   53   51   50   50   50   49   46   44   42   41   43   45   47   50   52   53
   54   55   56   57   59   61   65   69   72   76   79   82   84   87   89   90
   91   92   92   92   93   93   94   94   92
    60.0-180.0 180.0   5.0 450.0                            LAT/LON1/LON2/DLON/H
  100   95   90   87   87   90   96  103  109  115  119  122  124  123  119  111
  100   87   73   60   49   42   39   40   45   50   55   58   60   59   58   55
   52   50   48   47   47   45   42   39   37   37   38   41   43   45   47   48
   48   48   49   50   52   55   60   65   71   76   80   85   89   93   97  100
  102  104  104  105  106  106  106  104  100
    57.5-180.0 180.0   5.0 450.0                            LAT/LON1/LON2/DLON/H
  116  108  100   94   90   90   93   98  104  110  115  119  123  125  123  117
  107   93   78   62   49   40   36   38   43   49   55   59   61   60   58   55
   51   48   46   45   45   43   40   38   36   36   38   39   41   42   43   43
   43   42   42   43   46   50   57   64   71   78   84   89   95  100  105  110
  114  118  120  122  123  124  123  121  116
    55.0-180.0 180.0   5.0 450.0                            LAT/LON1/LON2/DLON/H
  135  127  118  109  103  100   99  101  104  108  112  118  124  128  130  127
  119  107   91   73   57   46   41   42   47   53   59   62   63   62   59   55
   51   47   46   45   45   44   43   42   41   41   42   42   42   41   41   40
   40   40   39   40   43   48   57   66   75   82   89   95  101  108  114  121
  127  132  136  139  142  144  144  141  135
    52.5-180.0 180.0   5.0 450.0                            LAT/LON1/LON2/DLON/H
  157  149  140  131  123  117  113  111  110  111  114  119  126  133  138  139
  135  125  110   92   74   61   55   54   57   62   65   67   67   64   60   55
   51   48   46   47   48   49   49   50   50   50   50   49   47   45   43   42
   42   41   41   41   44   50   60   71   81   90   97  103  109  115  122  130
  138  145  151  157  161  163  164  162  157
    50.0-180.0 180.0   5.0 450.0                            LAT/LON1/LON2/DLON/H
  177  171  164  155  147  140  133  127  122  119  119  123  130  140  148  153
  152  145  132  113   95   80   73   71   71   73   74   74   71   66   61   57
   53   50   49   51   53   56   58   60   61   62   62   60   56   53   50   49
   49   48   47   46   48   55   65   78   89   98  105  111  116  123  130  139
  148  157  165  173  178  181  182  180  177
    47.5-180.0 180.0   5.0 450.0                            LAT/LON1/LON2/DLON/H
  193  189  184  178  171  163  155  147  138  131  128  129  136  146  157  164
  167  163  151  134  115  100   92   88   86   85   83   80   75   69   63   58
   55   54   54   57   60   63   67   70   72   74   74   73   69   65   61   60
   59   58   56   54   55   61   72   86   98  107  114  119  125  131  138  148
  158  169  179  188  194  197  197  195  193
    45.0-180.0 180.0   5.0 450.0                            LAT/LON1/LON2/DLON/H
  206  204  202  198  192  186  178  168  157  146  139  138  143  153  164  172
  175  173  164  148  131  117  108  103   99   95   91   85   78   71   65   61
   59   60   61   63   66   70   74   78   81   85   87   86   83   79   75   72
   71   69   66   63   63   68   80   94  106  116  123  128  134  140  148  158
  169  181  192  202  208  210  210  208  206
    42.5-180.0 180.0   5.0 450.0                            LAT/LON1/LON2/DLON/H
  218  217  216  214  210  205  198  188  176  163  153  148  152  161  171  177
  178  175  167  155  140  127  118  112  107  102   96   89   81   73   67   64
   65   66   68   70   72   75   78   82   87   93   97   98   97   93   88   84
   82   79   75   71   70   75   86  100  113  123  131  137  143  151  160  171
  183  194  206  215  222  223  222  219  218
    40.0-180.0 180.0   5.0 450.0                            LAT/LON1/LON2/DLON/H
  231  231  230  229  227  224  218  209  196  181  168  161  163  170  178  180
  179  174  166  155  142  131  123  117  111  105   99   91   83   75   70   69
   71   74   76   77   77   78   80   84   91   98  104  108  108  104   98   93
   90   86   82   78   77   81   92  105  118  129  138  146  154  163  174  186
  197  208  219  228  234  236  235  232  231
    37.5-180.0 180.0   5.0 450.0                            LAT/LON1/LON2/DLON/H
  247  246  246  246  245  242  238  229  216  200  186  177  177  182  187  185
  179  171  162  152  141  131  123  118  113  107  100   93   86   79   75   75
   79   83   85   84   82   81   81   85   92  101  109  114  114  110  104   99
   94   90   86   82   82   87   97  110  123  135  145  154  164  175  187  200
  211  221  232  241  247  250  250  249  247
    35.0-180.0 180.0   5.0 450.0                            LAT/LON1/LON2/DLON/H
  267  265  266  267  266  263  259  250  237  221  206  197  195  198  200  195
  184  172  160  148  137  127  121  117  113  107  101   96   90   85   82   84
   89   94   95   93   89   85   83   86   94  103  111  116  116  112  107  101
   96   91   88   85   86   91  101  114  128  141  152  163  174  187  200  212
  223  233  243  252  260  266  269  268  267
    32.5-180.0 180.0   5.0 450.0                            LAT/LON1/LON2/DLON/H
  291  289  290  292  291  287  281  272  258  243  229  219  217  219  218  211
  196  179  162  147  133  122  116  115  113  109  103  100   97   94   93   95
  100  106  107  104   98   93   89   90   96  104  112  116  115  111  106  101
   95   91   88   87   88   94  104  118  133  147  160  171  184  197  209  220
  231  241  252  263  274  283  289  292  291
    30.0-180.0 180.0   5.0 450.0                            LAT/LON1/LON2/DLON/H
  319  318  319  321  320  315  306  295  281  266  253  245  242  242  240  230
  212  190  168  147  129  117  112  114  116  113  109  107  107  106  105  107
  113  118  121  119  113  105   99   97  100  106  111  114  112  109  104   99
   94   89   87   87   89   95  106  122  139  154  167  180  192  204  215  225
  234  245  259  274  289  302  313  318  319
    27.5-180.0 180.0   5.0 450.0                            LAT/LON1/LON2/DLON/H
  353  354  354  355  353  346  335  321  305  291  281  273  270  269  264  251
  229  202  174  148  126  113  110  117  123  122  119  119  120  121  120  120
  125  131  136  137  132  123  114  108  106  109  111  112  110  106  101   96
   91   87   85   85   88   95  107  125  145  161  175  187  200  211  219  226
  235  248  265  285  305  324  338  349  353
    25.0-180.0 180.0   5.0 450.0                            LAT/LON1/LON2/DLON/H
  394  396  395  393  389  381  368  352  335  321  312  305  300  297  289  271
  244  211  177  147  123  110  112  125  136  140  138  138  139  138  135  134
  137  144  152  156  152  142  130  120  114  113  112  110  108  104   99   94
   89   84   82   83   86   94  107  128  149  167  181  194  205  215  222  228
  237  252  272  298  324  346  365  382  394
    22.5-180.0 180.0   5.0 450.0                            LAT/LON1/LON2/DLON/H
  437  443  438  433  428  420  407  391  374  360  350  341  334  327  313  288
  254  214  176  144  121  111  119  140  159  168  169  168  165  160  153  147
  147  154  165  173  170  159  145  133  124  118  113  110  107  104   99   93
   86   81   79   80   83   91  106  129  152  171  186  198  210  219  225  231
  242  259  284  314  344  370  393  417  437
    20.0-180.0 180.0   5.0 450.0                            LAT/LON1/LON2/DLON/H
  479  488  480  472  469  465  456  441  425  411  398  385  373  360  339  305
  261  214  171  139  119  117  134  164  192  207  210  206  196  184  170  160
  156  160  173  184  183  172  157  144  133  124  116  111  108  104   99   92
   85   79   76   75   79   87  104  128  153  173  188  201  212  222  230  239
  253  273  300  334  367  394  420  451  479
    17.5-180.0 180.0   5.0 450.0                            LAT/LON1/LON2/DLON/H
  512  524  515  505  507  512  512  505  493  478  459  437  418  398  369  326
  272  216  170  138  124  130  156  195  230  251  255  246  228  207  187  171
  162  162  173  185  186  176  163  152  141  130  119  113  110  106  101   93
   85   78   73   70   73   83  101  126  152  173  189  202  214  225  237  250
  269  293  323  357  390  417  445  480  512
    15.0-180.0 180.0   5.0 450.0                            LAT/LON1/LON2/DLON/H
  532  545  536  528  537  554  568  573  570  558  533  499  469  443  408  356
  292  230  181  150  141  154  188  232  270  292  295  280  255  227  202  182
  166  159  166  177  180  173  164  157  148  136  123  115  112  109  103   95
   86   77   70   66   68   79   99  124  151  173  189  202  214  228  244  264
  288  316  348  382  414  440  465  499  532
    12.5-180.0 180.0   5.0 450.0                            LAT/LON1/LON2/DLON/H
  534  545  538  537  554  584  614  635  644  637  608  564  526  497  458  400
  330  263  213  182  175  192  229  272  307  323  322  301  270  239  213  190
  168  153  153  163  168  166  162  159  153  140  126  118  116  113  107   98
   88   78   68   62   63   75   97  123  149  172  189  203  216  231  251  276
  306  338  372  406  436  459  481  507  534
    10.0-180.0 180.0   5.0 450.0                            LAT/LON1/LON2/DLON/H
  522  529  525  528  553  594  640  677  699  700  670  621  580  552  516  457
  386  321  271  239  230  246  279  314  335  339  327  301  270  243  220  197
  171  147  140  148  155  158  159  160  155  143  130  121  119  116  109  101
   90   79   68   59   60   74   96  122  149  172  190  205  218  234  257  286
  320  356  392  426  455  476  491  507  522
     7.5-180.0 180.0   5.0 450.0                            LAT/LON1/LON2/DLON/H
  504  505  503  509  535  581  637  687  721  731  706  659  621  600  570  517
  451  393  348  316  303  312  336  353  352  337  314  286  260  241  225  205
  176  145  132  137  147  153  158  160  155  144  131  124  121  117  111  102
   91   80   68   59   60   74   96  123  150  173  192  207  221  237  260  290
  327  366  404  440  469  490  499  501  504
     5.0-180.0 180.0   5.0 450.0                            LAT/LON1/LON2/DLON/H
  486  481  479  486  509  553  610  663  700  716  703  669  641  630  610  565
  510  463  426  395  377  377  387  385  360  326  293  265  247  238  230  215
  185  150  133  136  146  153  158  159  153  143  131  124  121  117  110  101
   90   80   69   61   61   75   98  124  151  174  193  209  223  239  262  291
  327  368  409  447  479  500  504  496  486
     2.5-180.0 180.0   5.0 450.0                            LAT/LON1/LON2/DLON/H
  475  466  463  466  483  519  571  617  647  663  661  644  632  632  623  591
  550  516  488  459  436  427  423  402  359  311  273  248  239  240  239  228
  199  165  145  145  151  157  160  157  150  139  129  122  118  114  107   98
   89   80   70   63   64   78  100  126  151  174  193  209  223  239  260  287
  323  363  405  446  481  505  509  493  475
