read rinex demo/jplg2800.15i
     1.0            IONOSPHERE MAPS     GPS                 IONEX VERSION / TYPE
GIM V3.0            JPL - GNISD         10-oct-2015 01:13   PGM / RUN BY / DATE 
JPL'S GLOBAL IONOSPHERE MAPS YEAR 2015 DAY 280              COMMENT             
Global Ionospheric Maps (GIM) are generated on an hourly    DESCRIPTION         
and daily basis at JPL using data from up to 100 GPS sites  DESCRIPTION         
of the IGS and others institutions.                         DESCRIPTION         
The vertical TEC is modeled in a solar-geomagnetic          DESCRIPTION         
reference frame using bi-cubic splines on a spherical grid. DESCRIPTION         
A Kalman filter is used to solve simultaneously for         DESCRIPTION         
instrumental biases and VTEC on the grid (as stochastic     DESCRIPTION         
parameters).                                                DESCRIPTION         
Contact Address:  gpsiono@cobra.jpl.nasa.gov .              DESCRIPTION         
  2015    10     7     0     0     0                        EPOCH OF FIRST MAP  
  2015    10     8     0     0     0                        EPOCH OF LAST MAP   
  7200                                                      INTERVAL            
    13                                                      # OF MAPS IN FILE   
  NONE                                                      MAPPING FUNCTION    
    10.0                                                    ELEVATION CUTOFF    
One-way carrier phase leveled to code                       OBSERVABLES USED    
   170                                                      # OF STATIONS       
    31                                                      # OF SATELLITES     
  6371.0                                                    BASE RADIUS         
     2                                                      MAP DIMENSION       
   450.0 450.0   0.0                                        HGT1 / HGT2 / DHGT  
    87.5 -87.5  -2.5                                        LAT1 / LAT2 / DLAT  
  -180.0 180.0   5.0                                        LON1 / LON2 / DLON  
    -1                                                      EXPONENT            
TEC/RMS values in 0.1 TECU; 9999, if no value available     COMMENT             
                                                            END OF HEADER       
[from data line 3432]
     9                                                      START OF TEC MAP    
  2015    10     7    16     0     0                        EPOCH OF CURRENT MAP
    87.5-180.0 180.0   5.0 450.0                            LAT/LON1/LON2/DLON/H
   69   70   70   71   71   72   72   73   73   74   75   75   76   76   77   78
   78   78   79   79   80   80   80   80   80   80   80   80   80   80   80   80
   80   79   79   79   78   78   78   77   77   76   76   75   75   74   73   73
   72   72   71   71   70   70   69   69   68   68   68   67   67   67   67   67
   67   67   67   67   68   68   68   69   69
    85.0-180.0 180.0   5.0 450.0                            LAT/LON1/LON2/DLON/H
   64   65   66   67   68   69   70   71   72   73   75   76   77   78   79   81
   82   83   84   84   85   86   86   86   86   87   87   86   86   86   85   85
   85   84   84   83   83   82   81   81   80   80   79   78   77   76   75   74
   73   72   71   69   68   67   66   65   64   63   63   62   62   61   61   61
   61   61   61   62   62   63   63   64   64
    82.5-180.0 180.0   5.0 450.0                            LAT/LON1/LON2/DLON/H
   60   61   62   63   64   65   66   68   69   71   73   74   76   78   80   82
   84   86   87   89   90   91   91   92   92   92   91   91   90   89   89   88
   87   86   86   85   85   84   84   84   83   83   82   82   81   80   78   77
   76   74   72   71   69   67   65   64   62   61   60   59   58   57   57   57
   56   57   57   57   57   58   59   59   60
    80.0-180.0 180.0   5.0 450.0                            LAT/LON1/LON2/DLON/H
   56   56   57   58   59   60   62   64   65   67   70   72   75   77   80   83
   85   88   90   92   94   95   96   96   96   96   95   94   92   91   90   89
   87   87   86   86   85   85   85   86   86   86   85   85   84   84   83   81
   80   78   76   74   73   70   68   66   64   62   60   59   57   56   55   55
   54   54   54   54   54   55   55   55   56
    77.5-180.0 180.0   5.0 450.0                            LAT/LON1/LON2/DLON/H
   53   53   54   54   55   57   58   60   62   64   67   69   72   75   79   82
   85   89   92   94   97   98   99  100   99   98   97   96   94   92   90   89
   87   86   86   86   86   86   86   87   87   87   87   87   87   86   86   85
   84   83   82   80   79   77   75   73   71   68   65   63   61   59   57   56
   55   54   54   53   53   53   53   53   53
    75.0-180.0 180.0   5.0 450.0                            LAT/LON1/LON2/DLON/H
   52   52   52   52   53   54   55   57   59   61   64   67   70   74   77   81
   85   89   93   96   98  100  101  102  101  100   99   97   95   93   91   89
   88   87   86   86   86   87   87   87   87   87   86   86   86   85   86   86
   86   86   87   87   87   86   85   83   80   77   74   70   67   64   62   60
   58   57   56   55   54   53   53   52   52
    72.5-180.0 180.0   5.0 450.0                            LAT/LON1/LON2/DLON/H
   53   52   51   51   51   52   53   55   57   60   62   66   69   73   77   81
   85   89   93   97   99  101  103  103  103  102  100   99   97   95   93   92
   90   89   88   88   88   88   88   88   87   85   83   82   81   80   81   83
   85   87   90   92   93   94   94   93   90   87   82   78   74   70   67   64
   62   61   59   58   57   56   55   54   53
    70.0-180.0 180.0   5.0 450.0                            LAT/LON1/LON2/DLON/H
   55   54   53   52   52   52   53   55   57   59   62   65   69   73   77   82
   86   90   94   97   99  101  104  105  104  103  101  100   99   99   98   96
   95   93   92   91   91   91   90   88   85   82   78   74   72   71   73   76
   80   85   89   93   97   99  100   99   97   93   89   84   79   75   71   69
   66   64   63   61   60   59   58   57   55
    67.5-180.0 180.0   5.0 450.0                            LAT/LON1/LON2/DLON/H
   59   57   55   54   53   53   54   55   57   60   63   66   70   74   79   83
   88   91   94   96   98  101  104  106  105  104  102  101  102  102  102  102
  100   98   97   96   95   94   92   89   84   78   72   66   62   61   63   67
   72   79   85   90   95   98  100   99   97   94   89   85   80   76   73   71
   68   66   65   64   63   62   61   60   59
    65.0-180.0 180.0   5.0 450.0                            LAT/LON1/LON2/DLON/H
   61   59   58   56   55   55   55   57   59   61   64   67   71   76   81   85
   89   92   94   95   97  100  104  107  107  105  103  103  104  105  107  107
  105  103  102  100   99   97   95   90   84   76   68   60   54   52   53   57
   63   70   76   82   87   90   92   92   90   87   83   79   76   73   71   69
   67   66   64   64   63   63   63   62   61
    62.5-180.0 180.0   5.0 450.0                            LAT/LON1/LON2/DLON/H
   62   61   59   58   57   57   58   59   61   63   65   69   73   78   83   88
   91   93   93   94   96  100  105  108  109  107  105  105  106  108  110  110
  108  106  104  103  102  101   98   93   86   77   67   58   51   48   48   51
   56   61   66   71   74   77   79   79   78   76   73   71   69   68   67   65
   64   62   61   60   61   62   63   63   62
    60.0-180.0 180.0   5.0 450.0                            LAT/LON1/LON2/DLON/H
   62   61   60   59   58   59   60   62   63   65   67   70   74   79   84   89
   92   92   92   93   95  100  106  110  112  110  108  107  108  110  111  110
  107  105  104  104  104  104  101   96   90   81   72   63   56   50   49   49
   51   54   57   59   62   64   65   66   65   64   63   62   62   62   62   61
   60   58   56   56   56   58   60   61   62
    57.5-180.0 180.0   5.0 450.0                            LAT/LON1/LON2/DLON/H
   59   60   60   59   59   60   62   63   65   67   68   71   75   80   85   89
   92   92   92   92   96  102  108  113  115  114  112  110  110  111  110  108
  104  101  101  103  105  106  104  100   95   89   82   74   67   60   56   53
   51   51   51   51   52   54   55   56   57   57   57   57   58   59   59   59
   57   55   52   51   52   54   56   58   59
    55.0-180.0 180.0   5.0 450.0                            LAT/LON1/LON2/DLON/H
   57   58   58   58   58   60   62   65   67   68   70   72   75   80   85   89
   91   91   92   94   98  105  112  117  119  119  117  115  113  112  109  105
  100   97   98  101  105  107  107  105  102   98   94   89   82   75   67   61
   56   52   49   48   49   51   53   55   56   57   58   59   60   61   61   60
   58   54   51   50   49   51   53   55   57
    52.5-180.0 180.0   5.0 450.0                            LAT/LON1/LON2/DLON/H
   56   57   57   57   57   59   62   65   67   70   71   74   77   81   86   89
   91   92   94   97  103  110  117  122  124  124  123  120  117  113  109  103
   97   94   95  100  105  108  109  109  108  107  106  104   99   91   82   73
   65   59   54   53   53   56   58   61   64   66   67   68   68   67   67   65
   62   59   55   52   50   50   52   54   56
    50.0-180.0 180.0   5.0 450.0                            LAT/LON1/LON2/DLON/H
   56   56   56   56   56   58   61   65   68   72   74   77   80   83   87   91
   93   95   99  104  111  118  124  128  131  131  129  126  122  117  110  103
   98   95   97  101  106  110  112  113  113  115  117  118  114  107   97   87
   77   69   64   63   64   66   70   73   76   78   80   80   78   76   74   73
   70   67   62   58   55   54   54   55   56
    47.5-180.0 180.0   5.0 450.0                            LAT/LON1/LON2/DLON/H
   57   57   56   56   56   58   61   65   70   75   79   82   84   87   91   95
   98  102  108  115  122  128  133  137  139  139  137  134  128  121  114  107
  102  100  102  106  110  113  115  117  118  121  125  128  126  120  111  100
   90   81   76   75   76   79   83   87   90   92   92   91   88   85   83   81
   79   76   71   66   62   59   58   58   57
    45.0-180.0 180.0   5.0 450.0                            LAT/LON1/LON2/DLON/H
   61   59   58   57   57   59   62   67   73   81   86   90   92   94   98  103
  108  115  122  130  136  142  145  147  148  148  147  142  135  127  120  114
  110  109  110  113  116  118  120  121  123  126  130  134  134  130  122  112
  102   93   88   87   89   92   96   99  101  102  102   99   95   91   89   88
   87   85   80   75   70   66   64   62   61
    42.5-180.0 180.0   5.0 450.0                            LAT/LON1/LON2/DLON/H
   64   62   60   60   60   61   64   70   78   88   96  101  103  105  110  116
  124  132  141  149  155  158  159  160  160  160  157  152  143  135  128  123
  120  119  120  122  123  125  126  127  128  130  134  138  139  137  130  121
  111  102   98   97   99  102  105  107  108  108  106  102   97   94   92   92
   92   91   87   82   77   73   70   67   64
    40.0-180.0 180.0   5.0 450.0                            LAT/LON1/LON2/DLON/H
   68   65   63   63   64   65   68   74   85   98  109  115  119  122  128  136
  145  155  165  173  176  177  176  174  173  172  169  162  153  143  136  132
  130  129  130  130  131  133  135  135  134  134  137  140  142  140  134  126
  116  108  103  103  105  107  109  111  111  109  106  101   96   93   93   94
   95   94   91   87   83   79   75   72   68
    37.5-180.0 180.0   5.0 450.0                            LAT/LON1/LON2/DLON/H
   72   68   66   66   67   69   72   80   94  111  126  135  141  146  153  162
  172  183  193  200  201  199  195  191  188  186  182  174  163  152  144  140
  138  138  138  139  141  143  145  144  140  138  139  142  144  142  136  126
  117  109  105  105  107  109  111  111  110  107  103   99   95   93   93   95
   96   95   93   90   87   84   80   76   72
    35.0-180.0 180.0   5.0 450.0                            LAT/LON1/LON2/DLON/H
   75   71   69   69   70   72   76   87  104  126  145  159  170  178  187  196
  205  215  224  229  228  223  216  210  205  200  194  185  174  162  153  148
  146  146  148  150  152  155  157  154  148  144  143  145  146  143  135  125
  115  107  104  104  105  107  109  110  109  105  101   98   95   94   94   95
   96   95   94   92   90   87   84   79   75
    32.5-180.0 180.0   5.0 450.0                            LAT/LON1/LON2/DLON/H
   78   74   71   71   72   75   81   94  116  142  166  186  202  216  227  236
  243  251  258  261  257  249  240  230  222  215  207  198  186  174  163  157
  156  158  161  165  169  172  172  166  157  151  149  150  150  145  135  122
  111  104  101  101  101  102  105  108  107  104  102  100  100   98   97   97
   96   96   95   94   93   91   87   83   78
    30.0-180.0 180.0   5.0 450.0                            LAT/LON1/LON2/DLON/H
   82   78   74   72   73   77   86  103  129  159  188  214  235  254  269  278
  283  288  293  294  287  277  264  252  241  231  221  212  201  189  178  171
  171  176  183  189  193  194  190  180  168  160  157  158  157  150  136  120
  106   99   97   96   94   94   99  105  107  105  105  107  109  107  103  100
   98   98   97   97   97   95   91   87   82
    27.5-180.0 180.0   5.0 450.0                            LAT/LON1/LON2/DLON/H
   87   82   78   75   75   80   91  112  141  175  208  239  266  290  309  319
  322  325  328  327  319  305  290  276  262  249  238  229  220  210  200  194
  197  205  216  224  226  222  212  198  183  174  171  170  168  158  141  120
  103   95   93   92   89   89   96  105  110  110  111  117  120  117  110  104
  101  100  100  100  101  100   97   92   87
    25.0-180.0 180.0   5.0 450.0                            LAT/LON1/LON2/DLON/H
   92   89   84   80   80   85   99  123  155  191  227  260  291  320  343  355
  359  361  362  360  350  335  318  301  285  271  260  253  246  239  231  228
  234  246  260  268  266  255  238  219  202  193  190  189  184  171  150  124
  105   96   95   94   90   90   99  111  117  118  121  128  133  128  117  109
  105  104  103  103  104  104  102   97   92
    22.5-180.0 180.0   5.0 450.0                            LAT/LON1/LON2/DLON/H
   98   96   93   89   88   94  110  135  169  206  243  277  310  341  368  384
  390  393  394  391  380  364  346  327  310  297  288  283  281  277  272  273
  282  296  310  317  309  290  267  244  227  219  216  214  206  189  164  135
  113  105  105  105  101  101  111  123  130  131  134  141  144  137  124  113
  108  106  105  105  107  108  106  102   98
    20.0-180.0 180.0   5.0 450.0                            LAT/LON1/LON2/DLON/H
  102  103  103  100   99  106  123  150  183  220  257  291  324  356  385  406
  416  421  423  420  409  393  374  355  338  328  322  321  322  322  320  323
  334  348  361  364  350  325  297  274  258  251  248  243  232  212  184  155
  132  125  127  129  126  127  136  146  150  149  149  153  153  144  130  118
  111  107  105  105  107  108  108  104  102
    17.5-180.0 180.0   5.0 450.0                            LAT/LON1/LON2/DLON/H
  104  108  111  110  111  120  139  166  199  235  270  303  334  366  398  423
  437  445  449  446  437  422  403  384  370  363  362  364  367  369  371  375
  384  397  406  404  384  354  326  305  292  286  282  274  259  237  210  183
  164  159  163  165  164  165  169  173  173  169  165  163  160  149  134  121
  113  107  104  102  103  104  104  103  104
    15.0-180.0 180.0   5.0 450.0                            LAT/LON1/LON2/DLON/H
  100  108  115  117  120  132  153  182  214  249  283  314  343  375  408  436
  454  466  471  470  462  449  433  415  403  401  404  409  414  417  418  422
  428  436  440  433  410  379  353  336  326  321  315  304  286  264  240  219
  205  202  205  207  206  205  204  201  194  186  178  171  163  151  138  125
  114  107  102   98   96   96   96   96  100
    12.5-180.0 180.0   5.0 450.0                            LAT/LON1/LON2/DLON/H
   92  103  112  117  123  139  164  194  227  261  295  325  353  383  416  446
  468  481  489  490  485  476  462  449  440  442  448  454  458  460  460  460
  461  463  463  453  428  398  376  365  358  353  344  330  310  290  272  257
  249  246  247  247  245  241  234  222  210  197  185  174  162  152  141  128
  116  106  100   94   89   86   85   86   92
    10.0-180.0 180.0   5.0 450.0                            LAT/LON1/LON2/DLON/H
   82   94  103  108  117  137  167  201  236  271  305  334  362  391  424  454
  477  493  503  507  506  500  492  484  480  484  491  496  497  496  494  490
  485  482  478  466  441  414  397  390  386  380  368  351  331  313  300  291
  286  283  279  275  270  264  251  233  215  199  185  171  159  151  143  132
  119  108  100   92   85   78   75   76   82
     7.5-180.0 180.0   5.0 450.0                            LAT/LON1/LON2/DLON/H
   75   84   90   93  103  127  162  201  240  278  312  343  370  399  430  460
  483  500  512  520  523  523  521  519  521  526  532  533  530  526  521  512
  502  494  487  475  452  429  416  411  408  401  387  367  346  330  321  315
  310  304  294  284  277  268  252  229  208  191  176  163  153  150  146  137
  124  112  103   94   85   76   70   69   75
     5.0-180.0 180.0   5.0 450.0                            LAT/LON1/LON2/DLON/H
   72   77   79   78   87  113  152  195  239  280  317  349  377  405  434  463
  486  503  517  529  536  541  545  550  557  563  565  563  556  549  540  528
  514  503  495  483  463  443  432  428  425  416  400  378  357  341  331  323
  316  305  290  276  267  258  240  216  194  177  163  152  147  147  148  142
  130  118  109  102   93   83   75   71   72
     2.5-180.0 180.0   5.0 450.0                            LAT/LON1/LON2/DLON/H
   79   78   73   68   75  102  142  189  236  280  320  353  382  409  437  464
  486  503  519  533  544  553  563  573  583  588  588  583  574  565  553  538
  522  510  502  491  473  455  445  441  436  426  408  385  362  344  330  318
  306  291  272  256  246  236  219  196  175  160  149  141  140  145  150  146
  135  125  118  113  107   99   89   82   79
