read rinex demo/jplg2800.15i
     1.0            IONOSPHERE MAPS     GPS                 IONEX VERSION / TYPE
GIM V3.0            JPL - GNISD         10-oct-2015 01:13   PGM / RUN BY / DATE 
JPL'S GLOBAL IONOSPHERE MAPS YEAR 2015 DAY 280              COMMENT             
Global Ionospheric Maps (GIM) are generated on an hourly    DESCRIPTION         
and daily basis at JPL using data from up to 100 GPS sites  DESCRIPTION         
of the IGS and others institutions.                         DESCRIPTION         
The vertical TEC is modeled in a solar-geomagnetic          DESCRIPTION         
reference frame using bi-cubic splines on a spherical grid. DESCRIPTION         
A Kalman filter is used to solve simultaneously for         DESCRIPTION         
instrumental biases and VTEC on the grid (as stochastic     DESCRIPTION         
parameters).                                                DESCRIPTION         
Contact Address:  gpsiono@cobra.jpl.nasa.gov .              DESCRIPTION         
  2015    10     7     0     0     0                        EPOCH OF FIRST MAP  
  2015    10     8     0     0     0                        EPOCH OF LAST MAP   
  7200                                                      INTERVAL            
    13                                                      # OF MAPS IN FILE   
  NONE                                                      MAPPING FUNCTION    
    10.0                                                    ELEVATION CUTOFF    
One-way carrier phase leveled to code                       OBSERVABLES USED    
   170                                                      # OF STATIONS       
    31                                                      # OF SATELLITES     
  6371.0                                                    BASE RADIUS         
     2                                                      MAP DIMENSION       
   450.0 450.0   0.0                                        HGT1 / HGT2 / DHGT  
    87.5 -87.5  -2.5                                        LAT1 / LAT2 / DLAT  
  -180.0 180.0   5.0                                        LON1 / LON2 / DLON  
    -1                                                      EXPONENT            
TEC/RMS values in 0.1 TECU; 9999, if no value available     COMMENT             
                                                            END OF HEADER       
[from data line 1287]
     4                                                      START OF TEC MAP    
  2015    10     7     6     0     0                        EPOCH OF CURRENT MAP
    87.5-180.0 180.0   5.0 450.0                            LAT/LON1/LON2/DLON/H
   93   93   92   92   92   91   91   91   90   90   90   89   89   88   87   87
   86   86   85   84   84   83   83   82   82   81   81   81   81   81   80   81
   81   81   81   82   82   83   83   84   84   85   86   87   87   88   89   90
   90   91   92   92   93   93   94   94   94   94   95   95   95   95   95   95
   94   94   94   94   94   93   93   93   93
    85.0-180.0 180.0   5.0 450.0                            LAT/LON1/LON2/DLON/H
   91   91   90   90   90   91   90   90   90   90   89   88   88   87   85   84
   83   82   80   79   77   76   75   74   73   72   71   70   70   69   69   69
   69   70   70   71   72   73   75   76   78   79   81   83   85   87   88   90
   92   93   94   96   97   97   98   99   99   99   99   99   98   98   97   96
   96   95   94   93   93   92   91   91   91
    82.5-180.0 180.0   5.0 450.0                            LAT/LON1/LON2/DLON/H
   85   85   85   86   86   87   88   89   89   89   89   88   87   86   84   82
   80   77   75   73   71   69   67   65   63   62   60   59   59   58   58   58
   58   59   59   60   62   63   65   68   70   73   75   78   81   84   87   90
   93   95   98   99  101  102  103  104  104  104  104  103  102  101   99   97
   95   93   92   90   88   87   86   85   85
    80.0-180.0 180.0   5.0 450.0                            LAT/LON1/LON2/DLON/H
   77   77   78   79   81   83   85   87   88   89   89   88   87   85   82   79
   77   73   70   67   64   62   59   57   55   53   52   51   50   50   49   49
   50   50   51   52   54   56   58   60   63   67   70   74   78   82   87   91
   94   98  101  103  106  107  109  110  110  110  109  109  107  105  103  100
   96   93   90   86   83   81   79   77   77
    77.5-180.0 180.0   5.0 450.0                            LAT/LON1/LON2/DLON/H
   70   70   71   73   76   78   81   84   85   87   87   86   85   82   80   76
   73   69   65   62   59   56   53   51   49   48   46   45   45   44   44   45
   45   46   47   48   50   52   54   56   59   63   67   71   76   81   86   91
   96  100  104  107  110  113  115  116  117  118  118  117  116  113  110  107
  102   97   92   86   81   77   73   71   70
    75.0-180.0 180.0   5.0 450.0                            LAT/LON1/LON2/DLON/H
   67   66   66   68   71   74   77   79   81   83   83   83   82   79   76   73
   69   65   62   58   55   52   50   48   46   45   44   43   42   42   42   42
   43   45   46   48   50   52   53   56   58   62   66   71   76   82   87   93
   98  103  107  111  115  118  121  123  125  127  128  128  128  126  123  119
  114  108  100   93   85   79   73   69   67
    72.5-180.0 180.0   5.0 450.0                            LAT/LON1/LON2/DLON/H
   68   65   65   65   67   70   72   75   77   78   79   79   78   76   74   71
   67   63   59   56   53   51   49   47   46   45   45   44   43   43   42   42
   44   45   48   50   52   54   56   58   60   63   68   72   78   84   90   96
  102  107  111  115  119  123  126  130  133  136  138  140  141  141  139  135
  130  123  114  105   95   87   79   73   68
    70.0-180.0 180.0   5.0 450.0                            LAT/LON1/LON2/DLON/H
   74   69   66   65   66   67   69   71   72   74   75   75   75   74   72   70
   66   63   59   57   55   53   51   49   47   47   48   49   48   47   46   46
   46   47   49   52   54   57   59   61   64   67   71   77   82   89   95  102
  107  112  117  121  124  128  132  136  139  143  147  151  153  155  154  152
  147  139  130  120  109   98   89   80   74
    67.5-180.0 180.0   5.0 450.0                            LAT/LON1/LON2/DLON/H
   83   76   71   68   67   66   67   68   68   69   71   72   73   73   72   70
   67   64   62   60   59   57   55   53   51   51   53   55   56   55   53   51
   50   50   52   54   56   59   61   64   67   71   76   82   88   95  102  109
  115  120  124  128  131  134  138  141  145  149  153  158  162  165  166  165
  161  155  146  135  124  112  101   91   83
    65.0-180.0 180.0   5.0 450.0                            LAT/LON1/LON2/DLON/H
   94   85   78   73   70   68   67   66   66   66   67   69   71   72   72   71
   70   68   66   66   66   65   62   58   56   56   59   63   65   65   62   58
   55   54   54   55   56   59   61   65   69   74   80   87   94  101  109  117
  124  129  134  138  140  142  144  146  148  152  156  162  167  171  173  173
  171  165  158  148  138  126  115  104   94
    62.5-180.0 180.0   5.0 450.0                            LAT/LON1/LON2/DLON/H
  106   95   86   79   74   70   68   65   64   63   64   66   68   71   72   73
   72   72   72   73   74   73   70   65   61   61   65   70   73   74   70   65
   60   56   54   54   55   57   60   65   70   76   83   90   98  107  116  126
  134  141  147  150  152  153  152  152  152  154  158  163  169  173  176  177
  175  172  166  158  149  139  129  117  106
    60.0-180.0 180.0   5.0 450.0                            LAT/LON1/LON2/DLON/H
  120  107   95   86   79   73   69   65   61   59   60   62   65   69   72   74
   75   76   77   79   81   80   77   71   66   65   69   74   79   79   75   69
   62   57   53   52   53   55   58   63   70   77   84   92  101  111  122  134
  145  155  162  166  167  166  164  160  158  158  161  166  171  175  178  179
  179  176  172  167  160  152  142  131  120
    57.5-180.0 180.0   5.0 450.0                            LAT/LON1/LON2/DLON/H
  134  119  105   92   82   76   70   65   60   56   56   57   61   65   69   73
   75   77   79   82   84   84   80   74   69   67   70   75   79   80   76   69
   62   56   52   50   51   53   57   63   70   77   85   93  102  114  127  143
  158  171  180  185  186  184  179  173  169  166  168  172  176  180  183  184
  183  182  179  175  170  164  156  146  134
    55.0-180.0 180.0   5.0 450.0                            LAT/LON1/LON2/DLON/H
  149  132  114   98   86   78   71   65   59   55   53   54   57   61   66   70
   73   76   78   80   82   81   78   72   68   66   69   73   76   76   72   66
   59   53   50   49   50   53   58   64   71   78   85   94  103  116  132  152
  171  188  200  207  209  206  200  192  185  181  181  184  188  191  192  193
  192  190  188  186  182  177  171  162  149
    52.5-180.0 180.0   5.0 450.0                            LAT/LON1/LON2/DLON/H
  163  144  124  105   90   81   73   66   60   55   52   52   54   58   63   67
   70   72   73   74   74   73   70   66   63   62   64   67   69   69   66   60
   55   50   48   49   52   56   62   68   74   81   87   95  105  119  139  162
  186  208  223  233  236  233  225  215  206  201  200  202  204  207  208  207
  206  204  201  198  195  191  186  177  163
    50.0-180.0 180.0   5.0 450.0                            LAT/LON1/LON2/DLON/H
  178  158  135  113   97   85   77   70   64   58   54   53   53   56   60   64
   66   67   66   66   65   64   61   59   57   57   59   61   62   61   59   55
   51   48   48   51   55   61   68   74   80   85   90   97  107  124  147  174
  203  229  248  259  263  260  251  240  229  223  221  221  223  224  225  224
  222  220  216  212  208  204  199  191  178
    47.5-180.0 180.0   5.0 450.0                            LAT/LON1/LON2/DLON/H
  192  173  150  126  107   93   84   76   70   64   60   57   56   57   60   62
   64   63   61   59   58   56   53   52   52   53   54   56   56   55   53   51
   48   48   50   54   60   67   75   81   87   91   95  101  112  130  156  188
  220  248  270  284  288  286  276  263  251  243  240  240  240  240  239  238
  236  233  229  225  220  216  211  204  192
    45.0-180.0 180.0   5.0 450.0                            LAT/LON1/LON2/DLON/H
  205  189  168  143  121  104   92   84   77   71   67   63   61   61   62   63
   64   63   61   58   56   53   51   50   50   51   52   53   53   52   51   49
   48   49   52   58   66   74   82   89   95   99  102  107  118  138  166  200
  234  265  289  303  309  306  296  282  268  259  255  254  252  250  249  247
  245  242  238  233  228  224  220  215  205
    42.5-180.0 180.0   5.0 450.0                            LAT/LON1/LON2/DLON/H
  215  203  185  162  138  118  103   92   85   80   75   71   68   67   66   67
   67   66   65   63   61   59   56   55   54   53   54   54   54   53   52   50
   50   51   56   63   72   81   89   97  103  107  110  115  125  146  176  210
  245  276  300  315  322  320  309  294  279  269  265  261  257  253  249  247
  245  242  238  234  230  228  225  222  215
    40.0-180.0 180.0   5.0 450.0                            LAT/LON1/LON2/DLON/H
  219  212  199  178  153  130  113  101   93   87   83   80   77   75   73   72
   72   72   73   73   73   70   67   64   62   59   58   57   57   56   55   54
   53   55   60   67   77   86   95  104  111  116  119  123  133  154  183  217
  250  280  304  321  329  329  319  304  289  280  275  269  262  254  248  244
  240  236  232  229  227  226  225  222  219
    37.5-180.0 180.0   5.0 450.0                            LAT/LON1/LON2/DLON/H
  214  212  203  185  162  138  119  106   98   93   90   89   87   85   82   80
   79   80   82   85   86   84   81   76   72   67   65   63   62   60   59   59
   58   59   64   71   81   91  102  111  120  126  129  132  141  161  190  221
  253  281  306  324  336  340  334  321  307  298  292  285  275  264  255  247
  240  232  226  222  221  221  219  216  214
    35.0-180.0 180.0   5.0 450.0                            LAT/LON1/LON2/DLON/H
  202  200  195  181  161  139  120  107  100   97   96   97   98   96   92   89
   87   88   91   95   97   96   93   88   82   77   73   70   68   67   65   65
   64   64   68   75   85   96  108  119  129  135  139  141  150  169  196  226
  255  284  310  331  349  359  359  351  340  331  324  316  304  291  278  265
  252  239  228  223  222  220  214  207  202
    32.5-180.0 180.0   5.0 450.0                            LAT/LON1/LON2/DLON/H
  193  187  180  167  149  129  113  102   97   97  100  104  108  107  103   98
   95   94   96  100  103  103  101   96   91   85   82   79   76   74   72   71
   70   69   71   78   88  101  115  129  139  146  148  150  159  178  204  233
  263  293  322  349  373  392  401  400  393  386  378  369  357  343  327  309
  287  264  246  238  235  229  217  203  193
    30.0-180.0 180.0   5.0 450.0                            LAT/LON1/LON2/DLON/H
  196  183  170  154  135  115   99   90   89   93  100  108  115  116  112  106
  100   97   98  101  103  104  103  100   97   93   90   88   84   81   79   78
   76   74   75   80   91  106  124  139  150  156  158  159  168  188  215  245
  279  313  347  380  412  440  459  466  465  458  449  440  430  417  402  379
  348  313  287  275  268  256  236  214  196
    27.5-180.0 180.0   5.0 450.0                            LAT/LON1/LON2/DLON/H
  223  201  179  156  132  108   88   78   79   87   97  108  116  119  116  109
  103   98   96   98  100  101  102  103  102  101   99   97   93   89   86   83
   80   77   77   81   92  110  132  150  161  166  167  168  178  199  229  264
  304  344  382  420  458  494  521  536  539  533  523  515  509  500  486  462
  423  379  347  333  323  305  277  248  223
    25.0-180.0 180.0   5.0 450.0                            LAT/LON1/LON2/DLON/H
  282  253  218  184  152  121   94   78   76   83   92  103  111  115  113  108
  101   95   93   93   95   98  101  105  108  109  108  105  101   96   92   88
   83   79   77   81   93  114  139  159  171  175  176  177  189  212  246  287
  334  379  420  459  501  541  574  595  603  599  589  582  579  575  564  540
  497  448  413  400  391  370  339  309  282
    22.5-180.0 180.0   5.0 450.0                            LAT/LON1/LON2/DLON/H
  364  335  294  250  208  165  126  100   89   89   93   98  103  105  103   99
   94   90   89   89   92   97  103  111  115  117  117  114  109  103   97   91
   84   79   77   81   93  116  144  166  178  182  183  186  199  226  264  311
  363  412  453  491  530  570  605  630  642  640  631  626  627  626  619  598
  556  507  474  464  456  436  408  385  364
    20.0-180.0 180.0   5.0 450.0                            LAT/LON1/LON2/DLON/H
  451  427  388  343  298  249  198  155  128  112  105  101  100   97   93   89
   86   84   85   88   92  100  111  120  126  128  126  121  115  109  101   92
   84   78   77   80   93  118  147  170  181  187  189  194  210  239  281  332
  386  436  473  505  537  571  603  630  646  648  643  640  642  643  639  622
  587  545  518  512  509  493  473  461  451
    17.5-180.0 180.0   5.0 450.0                            LAT/LON1/LON2/DLON/H
  524  508  475  438  401  356  302  246  198  160  134  119  108   98   89   83
   79   81   85   90   97  108  123  134  139  138  134  127  120  113  104   93
   83   77   76   80   93  118  148  170  182  188  194  202  220  252  296  348
  401  445  476  499  522  548  575  602  623  631  631  631  631  632  628  616
  590  558  538  535  535  527  518  521  524
    15.0-180.0 180.0   5.0 450.0                            LAT/LON1/LON2/DLON/H
  561  554  530  507  489  460  413  354  289  229  186  158  135  115   98   85
   79   82   89   97  107  121  138  149  152  149  141  131  123  115  104   91
   81   76   75   80   94  119  147  167  180  188  197  209  230  264  309  358
  405  443  466  481  496  513  535  561  585  599  605  606  606  604  602  595
  578  557  540  536  535  533  534  547  561
    12.5-180.0 180.0   5.0 450.0                            LAT/LON1/LON2/DLON/H
  552  544  528  527  536  534  508  455  380  306  250  214  183  153  124  101
   89   90   99  109  121  137  154  165  165  157  146  134  123  113  101   89
   79   74   75   80   95  119  144  163  176  187  199  215  240  276  319  364
  404  433  450  459  467  478  494  519  544  563  574  577  576  574  574  571
  564  550  534  524  520  520  525  540  552
    10.0-180.0 180.0   5.0 450.0                            LAT/LON1/LON2/DLON/H
  513  491  470  481  519  554  560  526  454  373  314  275  241  204  166  131
  110  108  117  128  140  156  172  179  175  163  148  133  119  107   96   85
   76   72   74   81   96  118  140  158  171  185  200  221  249  285  326  366
  398  421  435  442  448  454  467  489  513  534  547  552  552  553  557  560
  558  548  529  510  500  498  502  512  513
     7.5-180.0 180.0   5.0 450.0                            LAT/LON1/LON2/DLON/H
  462  419  383  393  447  511  553  548  492  418  363  329  296  257  212  167
  138  133  140  151  163  177  188  191  181  166  148  130  114  100   89   80
   73   70   72   80   95  115  135  151  166  182  201  225  256  293  331  365
  392  411  425  435  443  450  460  477  497  515  528  535  537  545  558  569
  570  558  532  503  485  478  479  479  462
     5.0-180.0 180.0   5.0 450.0                            LAT/LON1/LON2/DLON/H
  421  354  297  297  353  433  500  521  485  428  387  362  336  300  253  204
  169  160  167  177  187  197  203  199  185  166  146  126  107   92   82   74
   69   67   70   79   94  111  129  145  161  179  201  228  261  297  331  361
  386  405  423  439  452  461  469  480  492  505  516  523  529  545  570  588
  590  575  543  507  482  470  466  456  421
     2.5-180.0 180.0   5.0 450.0                            LAT/LON1/LON2/DLON/H
  411  325  244  225  269  350  429  468  449  408  380  366  349  322  281  234
  199  188  192  201  210  215  215  205  186  165  143  121  100   85   75   70
   66   64   67   77   91  107  123  139  157  177  200  229  262  297  329  356
  380  402  425  449  468  481  488  493  497  502  508  514  524  548  583  608
  610  591  555  515  486  473  469  457  411
