read rinex demo/jplg2800.15i
     1.0            IONOSPHERE MAPS     GPS                 IONEX VERSION / TYPE
GIM V3.0            JPL - GNISD         10-oct-2015 01:13   PGM / RUN BY / DATE 
JPL'S GLOBAL IONOSPHERE MAPS YEAR 2015 DAY 280              COMMENT             
Global Ionospheric Maps (GIM) are generated on an hourly    DESCRIPTION         
and daily basis at JPL using data from up to 100 GPS sites  DESCRIPTION         
of the IGS and others institutions.                         DESCRIPTION         
The vertical TEC is modeled in a solar-geomagnetic          DESCRIPTION         
reference frame using bi-cubic splines on a spherical grid. DESCRIPTION         
A Kalman filter is used to solve simultaneously for         DESCRIPTION         
instrumental biases and VTEC on the grid (as stochastic     DESCRIPTION         
parameters).                                                DESCRIPTION         
Contact Address:  gpsiono@cobra.jpl.nasa.gov .              DESCRIPTION         
  2015    10     7     0     0     0                        EPOCH OF FIRST MAP  
  2015    10     8     0     0     0                        EPOCH OF LAST MAP   
  7200                                                      INTERVAL            
    13                                                      # OF MAPS IN FILE   
  NONE                                                      MAPPING FUNCTION    
    10.0                                                    ELEVATION CUTOFF    
One-way carrier phase leveled to code                       OBSERVABLES USED    
   170                                                      # OF STATIONS       
    31                                                      # OF SATELLITES     
  6371.0                                                    BASE RADIUS         
     2                                                      MAP DIMENSION       
   450.0 450.0   0.0                                        HGT1 / HGT2 / DHGT  
    87.5 -87.5  -2.5                                        LAT1 / LAT2 / DLAT  
  -180.0 180.0   5.0                                        LON1 / LON2 / DLON  
    -1                                                      EXPONENT            
TEC/RMS values in 0.1 TECU; 9999, if no value available     COMMENT             
                                                            END OF HEADER       
[from data line 3003]
     8                                                      START OF TEC MAP    
  2015    10     7    14     0     0                        EPOCH OF CURRENT MAP
    87.5-180.0 180.0   5.0 450.0                            LAT/LON1/LON2/DLON/H
   71   71   71   71   71   71   71   71   71   72   72   72   72   73   73   74
   74   74   75   75   75   76   76   76   77   77   77   77   77   77   77   77
   77   77   77   77   77   77   77   77   77   77   77   78   78   78   78   78
   78   78   78   78   78   78   77   77   77   77   76   76   76   75   75   75
   74   74   73   73   73   72   72   72   71
    85.0-180.0 180.0   5.0 450.0                            LAT/LON1/LON2/DLON/H
   68   67   67   67   67   67   67   67   68   68   69   70   71   72   73   74
   75   76   77   78   78   79   80   80   81   81   81   81   81   81   80   80
   80   79   79   79   79   78   78   78   79   79   79   79   80   80   81   81
   81   82   82   82   82   82   82   82   81   81   80   80   79   78   77   76
   75   74   73   72   71   70   69   69   68
    82.5-180.0 180.0   5.0 450.0                            LAT/LON1/LON2/DLON/H
   65   64   64   64   64   64   64   64   65   66   67   68   69   71   72   74
   76   78   79   81   82   84   85   86   86   86   86   86   86   85   84   83
   82   81   80   79   78   78   78   78   78   79   79   80   81   82   83   84
   85   85   86   86   87   87   87   87   87   86   85   84   83   81   80   78
   77   75   73   71   70   68   67   66   65
    80.0-180.0 180.0   5.0 450.0                            LAT/LON1/LON2/DLON/H
   63   62   62   61   61   61   61   62   62   63   64   65   67   69   71   74
   76   79   82   84   86   89   90   91   92   92   92   92   91   89   88   86
   84   82   80   79   77   76   76   75   76   76   77   79   80   82   83   85
   86   87   88   89   90   91   91   91   91   90   90   88   87   85   83   81
   79   76   74   71   69   67   66   64   63
    77.5-180.0 180.0   5.0 450.0                            LAT/LON1/LON2/DLON/H
   62   61   61   61   60   60   60   60   60   60   61   63   64   67   69   72
   76   79   83   86   89   92   95   97   98   98   98   97   96   95   93   90
   88   85   82   79   77   75   74   73   73   73   74   76   77   79   81   83
   85   86   88   89   91   92   92   93   93   93   93   92   90   88   86   83
   81   78   75   72   69   67   65   63   62
    75.0-180.0 180.0   5.0 450.0                            LAT/LON1/LON2/DLON/H
   62   62   61   61   61   60   59   59   58   58   59   60   62   64   67   71
   75   79   83   87   91   95   98  100  102  103  103  102  100   99   97   94
   91   88   85   82   78   75   73   71   70   70   71   72   73   75   77   78
   80   82   84   86   87   89   90   92   93   93   94   93   92   90   88   85
   82   79   75   71   68   66   64   62   62
    72.5-180.0 180.0   5.0 450.0                            LAT/LON1/LON2/DLON/H
   62   63   63   63   63   62   60   59   58   58   58   60   61   64   67   70
   74   78   83   88   92   96  100  102  105  106  106  105  103  101   99   96
   94   91   88   84   81   77   74   72   70   69   69   69   69   70   71   72
   73   75   77   79   81   83   86   88   90   91   92   93   92   91   89   86
   83   79   75   71   67   64   63   62   62
    70.0-180.0 180.0   5.0 450.0                            LAT/LON1/LON2/DLON/H
   64   66   67   67   66   65   63   61   60   59   59   61   63   65   68   71
   75   79   83   88   92   96  100  103  106  108  109  108  105  102   99   96
   94   92   89   87   83   80   77   74   72   71   70   69   67   66   65   65
   66   67   68   71   73   76   79   82   85   87   89   90   90   89   87   85
   82   78   73   69   65   63   62   62   64
    67.5-180.0 180.0   5.0 450.0                            LAT/LON1/LON2/DLON/H
   66   70   72   73   72   70   67   64   62   61   62   63   65   68   71   74
   77   81   85   89   93   96   99  101  104  107  109  109  106  102   98   95
   93   91   89   88   85   83   80   78   77   75   73   71   68   66   63   61
   60   60   60   62   65   68   71   75   78   81   83   85   85   85   83   81
   78   75   70   66   63   61   61   63   66
    65.0-180.0 180.0   5.0 450.0                            LAT/LON1/LON2/DLON/H
   69   74   77   79   78   75   72   68   65   64   64   66   68   71   75   78
   81   84   87   90   93   95   96   98  101  104  107  108  106  102   97   93
   90   89   88   87   86   85   84   83   82   80   79   76   72   68   64   60
   57   55   55   56   57   60   63   67   70   74   76   77   78   77   76   75
   73   70   67   63   61   60   61   65   69
    62.5-180.0 180.0   5.0 450.0                            LAT/LON1/LON2/DLON/H
   72   78   82   83   83   80   76   71   67   65   65   67   70   74   78   81
   84   87   89   91   92   93   93   94   96  100  104  106  105  101   96   91
   88   86   85   85   86   86   86   86   87   86   85   83   79   75   70   65
   60   56   53   52   53   54   57   60   63   67   69   70   69   69   68   67
   66   64   63   60   59   59   61   66   72
    60.0-180.0 180.0   5.0 450.0                            LAT/LON1/LON2/DLON/H
   72   79   84   86   85   83   78   73   68   65   64   66   70   75   79   82
   85   88   90   91   92   91   90   90   92   96  101  104  104  100   95   90
   86   83   82   83   84   86   88   89   91   92   92   91   88   84   80   73
   67   60   55   52   51   52   53   56   59   62   64   64   63   62   61   60
   60   60   60   58   57   58   61   66   72
    57.5-180.0 180.0   5.0 450.0                            LAT/LON1/LON2/DLON/H
   71   77   82   85   85   83   78   72   67   63   62   64   68   73   77   81
   84   86   89   90   90   89   88   87   89   93   98  102  102  100   95   90
   85   82   81   81   83   86   89   91   93   96   97   98   97   95   91   85
   77   68   61   56   53   53   54   56   59   62   63   63   62   60   58   58
   58   59   59   59   58   58   61   65   71
    55.0-180.0 180.0   5.0 450.0                            LAT/LON1/LON2/DLON/H
   68   73   77   80   81   80   76   70   64   60   59   61   66   70   74   77
   80   83   85   87   88   88   87   87   88   92   97  100  101   99   95   90
   86   83   81   82   84   87   90   92   95   98  102  104  106  106  103   97
   88   79   70   64   61   60   61   63   65   67   69   69   68   65   62   61
   61   62   62   61   60   60   61   64   68
    52.5-180.0 180.0   5.0 450.0                            LAT/LON1/LON2/DLON/H
   65   69   72   74   75   74   71   66   61   57   57   59   63   67   70   72
   75   78   81   85   87   89   89   90   91   94   98  101  101  100   96   92
   88   85   84   84   86   89   91   94   96  100  105  110  114  116  114  109
  100   90   81   75   72   72   72   74   76   78   80   81   79   76   73   71
   70   70   69   67   65   63   62   63   65
    50.0-180.0 180.0   5.0 450.0                            LAT/LON1/LON2/DLON/H
   64   65   66   68   69   69   66   63   58   56   55   57   61   64   66   69
   71   75   79   83   88   91   94   95   96   99  101  103  103  102   99   96
   93   91   90   90   92   94   95   96   99  103  109  116  121  124  123  118
  109  100   92   87   85   85   86   87   88   91   93   94   93   90   87   84
   82   80   78   76   72   69   66   64   64
    47.5-180.0 180.0   5.0 450.0                            LAT/LON1/LON2/DLON/H
   65   63   62   62   63   63   63   60   58   56   56   58   61   64   66   68
   71   74   79   85   91   96  101  103  104  105  106  107  107  105  103  101
   99   98   98   98  100  101  101  101  103  107  114  122  128  131  130  124
  116  108  102   98   97   98   98   99   99  101  104  106  106  103  100   96
   94   91   88   84   80   75   71   67   65
    45.0-180.0 180.0   5.0 450.0                            LAT/LON1/LON2/DLON/H
   67   63   60   59   60   61   61   61   60   59   59   61   64   66   69   72
   75   79   84   90   98  105  110  112  113  113  114  113  113  111  110  108
  107  107  107  108  109  109  109  108  109  114  121  129  136  138  135  129
  121  114  109  106  106  106  106  106  106  107  110  112  113  111  108  105
  103  100   96   92   87   82   77   72   67
    42.5-180.0 180.0   5.0 450.0                            LAT/LON1/LON2/DLON/H
   70   65   60   58   59   61   63   64   65   65   65   66   69   72   76   80
   85   89   94  101  109  116  121  123  124  123  122  122  121  119  118  116
  116  116  117  118  119  119  118  117  118  122  129  137  143  144  140  132
  123  116  111  108  108  108  108  106  105  106  108  110  112  111  110  108
  106  104  101   97   92   87   82   76   70
    40.0-180.0 180.0   5.0 450.0                            LAT/LON1/LON2/DLON/H
   74   67   62   60   60   63   67   71   73   73   73   74   76   80   86   92
   98  103  108  116  124  131  135  136  135  134  133  132  130  129  126  124
  123  123  125  127  129  130  129  128  129  132  138  145  149  150  144  135
  124  115  109  106  104  104  103  101  100  100  102  104  105  106  107  106
  105  104  101   98   94   90   86   80   74
    37.5-180.0 180.0   5.0 450.0                            LAT/LON1/LON2/DLON/H
   77   71   66   63   63   67   73   79   83   84   83   83   85   90   98  107
  114  119  125  133  141  147  149  149  148  146  145  143  141  138  135  132
  130  129  131  135  138  141  141  141  142  144  147  151  155  155  149  138
  125  115  107  102   99   98   97   95   94   94   95   97   99  101  102  102
  102  102  100   98   94   91   87   83   77
    35.0-180.0 180.0   5.0 450.0                            LAT/LON1/LON2/DLON/H
   80   75   71   67   67   71   79   87   92   93   93   93   95  102  112  123
  132  138  144  152  160  164  164  163  162  160  158  155  152  149  143  138
  135  134  137  143  149  154  155  155  155  155  156  157  160  160  155  144
  131  118  109  101   96   93   91   90   91   92   93   93   95   97   99  100
  100  100  100   98   95   91   88   85   80
    32.5-180.0 180.0   5.0 450.0                            LAT/LON1/LON2/DLON/H
   84   81   77   73   71   74   82   92   98  100  101  101  104  113  127  140
  149  156  164  173  179  181  179  177  176  174  172  169  165  159  152  145
  141  142  146  154  163  169  171  170  169  167  164  163  166  168  166  156
  143  130  118  107   99   93   89   89   93   98   99   98   99  101  102  102
  101  103  104  103   98   93   90   87   84
    30.0-180.0 180.0   5.0 450.0                            LAT/LON1/LON2/DLON/H
   90   88   84   79   75   75   82   91   98  102  103  106  112  124  141  157
  167  174  183  192  198  198  194  192  191  191  188  185  179  173  164  156
  152  154  160  170  181  188  189  188  185  180  175  172  175  180  182  176
  165  152  138  124  111  100   94   95  103  111  113  111  111  113  113  110
  108  110  115  113  106   99   94   92   90
    27.5-180.0 180.0   5.0 450.0                            LAT/LON1/LON2/DLON/H
   98   95   92   86   79   76   80   87   92   96  100  106  116  132  153  172
  183  191  200  211  216  214  209  207  208  209  207  203  197  190  181  173
  170  174  183  194  205  211  211  208  203  197  189  185  189  199  206  205
  197  185  169  151  133  116  106  107  120  132  135  132  131  132  130  123
  119  124  131  130  120  108  103  100   98
    25.0-180.0 180.0   5.0 450.0                            LAT/LON1/LON2/DLON/H
  108  104  100   94   85   78   78   81   83   85   91  101  116  138  163  185
  198  206  216  226  231  228  224  224  227  229  229  225  220  213  205  198
  197  204  214  226  235  238  236  232  226  218  210  205  211  225  238  242
  237  225  208  186  162  141  128  128  143  159  163  161  159  158  153  142
  136  141  151  150  136  121  114  111  108
    22.5-180.0 180.0   5.0 450.0                            LAT/LON1/LON2/DLON/H
  117  112  109  104   94   83   78   76   74   74   80   94  114  141  171  195
  210  219  228  239  244  241  239  242  248  253  254  253  249  243  237  232
  233  241  253  263  268  269  265  259  253  245  236  232  240  257  273  281
  279  268  249  225  199  176  159  159  174  191  197  195  192  189  180  165
  156  161  172  170  152  134  126  122  117
    20.0-180.0 180.0   5.0 450.0                            LAT/LON1/LON2/DLON/H
  125  118  116  114  105   93   83   76   70   67   72   87  112  143  176  203
  219  229  237  247  252  253  255  262  272  279  283  284  283  280  276  272
  275  284  295  302  305  302  295  289  284  277  267  262  271  290  308  319
  318  307  288  265  242  219  202  198  210  225  233  233  230  223  210  192
  179  182  190  185  164  144  136  132  125
    17.5-180.0 180.0   5.0 450.0                            LAT/LON1/LON2/DLON/H
  129  121  121  123  118  105   93   84   75   68   71   86  112  146  181  209
  227  237  244  252  259  263  271  284  297  308  314  318  320  320  318  316
  319  327  337  342  341  335  327  321  317  311  300  293  302  320  339  350
  349  338  321  303  287  268  250  242  248  259  268  271  267  257  241  220
  203  200  202  192  170  149  141  137  129
    15.0-180.0 180.0   5.0 450.0                            LAT/LON1/LON2/DLON/H
  127  120  122  128  127  117  105   96   87   78   77   91  117  151  185  214
  234  244  251  258  265  274  288  306  322  336  346  353  358  361  361  360
  362  370  377  379  375  367  358  352  349  344  331  323  329  346  362  372
  371  360  346  335  327  313  295  282  281  288  298  304  300  286  266  243
  224  215  209  194  169  149  141  136  127
    12.5-180.0 180.0   5.0 450.0                            LAT/LON1/LON2/DLON/H
  120  113  117  127  131  124  115  110  102   93   90  101  126  158  190  219
  240  252  259  265  273  286  305  327  347  363  376  386  395  401  404  403
  403  408  413  412  406  395  385  380  378  373  359  349  352  365  378  385
  383  372  361  357  357  347  329  312  305  307  318  327  323  306  283  259
  238  223  210  190  166  146  136  129  120
    10.0-180.0 180.0   5.0 450.0                            LAT/LON1/LON2/DLON/H
  109  102  107  118  125  123  121  120  116  108  104  114  137  166  196  224
  247  261  270  277  285  299  321  347  369  388  404  417  429  439  443  442
  440  441  443  440  431  419  408  402  401  395  382  370  369  378  386  390
  387  376  367  368  371  364  345  324  312  312  325  337  332  311  286  263
  243  225  207  185  161  141  129  120  109
     7.5-180.0 180.0   5.0 450.0                            LAT/LON1/LON2/DLON/H
   99   91   94  104  112  115  118  123  124  118  116  126  148  174  201  229
  254  272  283  292  300  314  337  364  389  409  427  443  458  471  477  475
  470  468  467  461  449  436  424  419  417  412  399  386  382  385  389  388
  383  372  363  364  367  359  339  317  303  303  317  331  326  302  276  254
  235  219  201  181  158  138  123  111   99
     5.0-180.0 180.0   5.0 450.0                            LAT/LON1/LON2/DLON/H
   91   82   83   90   97  102  109  118  123  121  122  134  156  181  207  234
  261  283  298  308  316  329  352  379  404  426  446  465  482  497  503  499
  491  487  482  474  460  445  435  430  429  425  412  398  390  387  385  380
  372  360  351  349  348  337  316  294  282  283  299  315  309  283  256  235
  220  208  195  178  158  138  121  105   91
     2.5-180.0 180.0   5.0 450.0                            LAT/LON1/LON2/DLON/H
   90   79   77   80   86   92  101  111  117  117  120  136  160  186  212  240
  269  293  312  324  332  343  364  390  416  439  460  480  498  513  519  513
  503  496  490  480  465  451  442  438  438  434  422  406  394  385  376  367
  356  342  330  324  318  304  282  263  253  256  274  289  283  258  231  213
  202  196  189  178  162  143  124  106   90
